-0.0738589741742223	-0.102902971419650
0.171842164009497	-0.0742536666390283
0.131149644992076	-0.0676925104965995
0.159775326317109	-0.0868963100563728
0.139782523305495	-0.0888647984369639
0.145291182232947	-0.0788422354378597
0.156305234467498	-0.0845716391438408
0.148138579414104	-0.0906894547716694
0.151488588131303	-0.0669287361295389
0.143867135666112	-0.0723297029141375
0.146677988963164	-0.0724093891100969
0.143214671074646	-0.0715371597650077
0.169962995407872	-0.0674735354975205
0.158885401435174	-0.0655057371558245
0.167757210304300	-0.0718946632883280
0.159456241947953	-0.0748927745570974
0.164223029943607	-0.0742838823580672
0.144282368053365	-0.0630184262693508
0.143108065201193	-0.0862054914775119
0.152784238288642	-0.0707158684653606
0.147202371552476	-0.0712212344689739
0.165118605989559	-0.0691564991269179
0.156492261347205	-0.0765829399644847
0.149065203499149	-0.0623564083234456
0.140166260377422	-0.0673304604427865
0.148088022117845	-0.0786691966459859
0.155701318210679	-0.0892875500127117
0.165531823650069	-0.0682131698682252
0.157509324567766	-0.0812431753592154
0.151060289267559	-0.0770066947250601
0.142741458747334	-0.0917242197710709
0.159607586133473	-0.0721338945357244
0.138277795633414	-0.0786077704003436
0.164372999381705	-0.0815620608191775
0.155621439736067	-0.0801478566646159
0.162203264464107	-0.0803473121596379
0.144010031006403	-0.0613318443770397
0.156914232752175	-0.0580910475801409
0.159844752512354	-0.0718615992675190
0.160821194668115	-0.0801844350791268
0.152121051073845	-0.0785915270286975
0.143543205974305	-0.0906830623880908
0.136974772387288	-0.0782386926950503
0.163854981590791	-0.0888068477582901
0.148776350540799	-0.0804481102925414
0.156684331067689	-0.0814523194844423
0.150262336063214	-0.0606075668190522
0.162165579560501	-0.0778092505010527
0.157090994384167	-0.0729949674592246
0.158527222716943	-0.0944898483073374
0.155710079053994	-0.0616340767980237
0.175888621744658	-0.0908875314540798
0.160647750895193	-0.0779500380561056
0.161218045042648	-0.0631892294007426
0.154991062028752	-0.0752221399381962
0.141178751978828	-0.0823397495674339
0.138359676973679	-0.0813459809160538
0.145320274509587	-0.0575158918438087
0.159287976347821	-0.0801243883297453
0.159996980847661	-0.0912363819375147
0.153298195580682	-0.0726071059286789
0.158798370538955	-0.0770389863740390
0.159069500699135	-0.0772691155354566
0.155709447195308	-0.0821304658929815
0.153882257485761	-0.0815190297272219
0.138297002533673	-0.0750222707915080
0.149517319452251	-0.0593244820209624
0.161367458879365	-0.0782825490893909
0.164345191521333	-0.0653117836818132
0.168493076212387	-0.0962279783874881
0.154343547762642	-0.0700292065016464
0.146426871020119	-0.0713707203874170
0.163293528327147	-0.0649361095461633
0.145275197867573	-0.0892200332822231
0.157905203047683	-0.0779928242029773
0.145505786382880	-0.0711017138253560
0.147393903017649	-0.0867461129330777
0.167153611933492	-0.0683749151798643
0.160630627092373	-0.0723677358862966
0.150358870925751	-0.0785153235796538
0.152803439597659	-0.0767414723463260
0.142550536104054	-0.0802293300918679
0.146767287681869	-0.0737628049879801
0.162604937848310	-0.0690837182012055
0.158313811018875	-0.0718470337707335
0.143340945732885	-0.0805054112389669
0.153973451113655	-0.0761133051108044
0.162679268278849	-0.101553486232975
0.143145927893894	-0.0791297003824410
0.151657127703084	-0.0831495118044521
0.150751714898170	-0.0763202894611343
0.150044307054335	-0.0685568194228227
0.151838779307447	-0.0891423204335601
0.170827696113965	-0.0700211299175042
0.149903024102556	-0.0670991551258974
0.158362950729897	-0.0588261053992705
0.148303469933850	-0.0810195878565888
0.142317946272669	-0.0845854461888115
0.138097251593053	-0.0853086054010130
0.151237275635228	-0.0767629868759813
0.167390645932755	-0.0857672016041255
0.137721005001807	-0.0793617975923825
0.155256053508084	-0.0607957431976734
0.153583581910665	-0.0874937629669475
0.156184790794087	-0.0695638935837232
0.152567488657648	-0.0723650598913621
0.161012751820624	-0.0750473005665244
0.147198649233745	-0.0495715911556173
0.133139670703972	-0.0781535432340766
0.159170662649918	-0.0509073175322731
0.152121814857602	-0.0650351351258973
0.155291391800468	-0.0713343121390376
0.148013989026773	-0.0651947901536051
0.143595000479309	-0.0867622090308628
0.157526835741962	-0.0643631305688896
0.165683367603123	-0.0689262286510558
0.146979469320238	-0.0866406244649598
0.147112348132383	-0.0666749756310959
0.152345241630799	-0.0600421130464057
0.166609181356793	-0.0677752534272354
0.136982378236606	-0.0754631637352558
0.162138206468638	-0.0685154192434006
0.146853972339853	-0.0806522182625798
0.149210999991139	-0.0578432982964690
0.154944988861788	-0.0688545636579661
0.154129248680325	-0.0771235994665343
0.162495617677157	-0.0832717446172290
0.143749236604227	-0.0803291490704513
0.152947035400163	-0.0699825918837392
0.143299937688315	-0.0784945352352116
0.147971392900631	-0.0895520608840120
0.156474824482057	-0.0709021053030459
0.156829163766092	-0.0748721823481366
0.140566339434058	-0.0703079326290566
0.163861030970852	-0.0859857937928681
0.143302268046802	-0.0618513058876255
0.151230060183524	-0.0704475320986460
0.153513419656896	-0.0659382721284892
0.145598114563736	-0.0715525082694299
0.129341025060603	-0.0668526211849880
0.141622082006275	-0.0884741550404845
0.165416135859440	-0.0901134209281062
0.153428435633506	-0.0681249627837420
0.153909793943883	-0.0810393471724421
0.151149680242145	-0.0800340621632291
0.144534341596718	-0.0777058887986036
0.140457273140059	-0.0633425390604070
0.151093992514941	-0.0872119137483487
0.156840768484710	-0.0753740941512531
0.153949861732959	-0.0721384360530362
0.142666114127885	-0.0732687334748031
0.155325896229987	-0.0824963155221727
0.156491704170244	-0.0690623523962753
0.178952527348795	-0.0778413391913080
0.151528293852669	-0.0843266463786397
0.161409476111212	-0.0932439861124991
0.148448913677822	-0.0696920525813617
0.156848404143540	-0.0724792711050501
0.149650780942297	-0.0794750609716049
0.155980116416475	-0.0582099433464833
0.162208914131314	-0.0557726414281394
0.163183374252618	-0.0735006897796049
0.144524837746193	-0.0836498611221769
0.159164568811730	-0.0849502960423596
0.154810047617873	-0.0787026529866385
0.158675155147273	-0.0626094561388794
0.139150410883605	-0.0895880868098777
0.139161811495767	-0.0821022469182703
0.158326660857818	-0.0818323118714578
0.154141369629063	-0.0827226322443932
0.167267964800505	-0.0744351834674141
0.148569171568916	-0.0873868617770577
0.144019049420437	-0.0526113796314950
0.149644815087696	-0.0557857989832746
0.155520534781051	-0.0651298225383396
0.136582106718561	-0.0735915923277778
0.153548575301400	-0.0511194019398451
0.124256876927692	-0.0856438559443628
0.166901859140966	-0.0794939932545918
0.152980967232617	-0.0683785266639747
0.153813859998818	-0.0751506997841514
0.170666617120839	-0.0719180444854802
0.150908331688747	-0.0660324076842291
0.155638032106755	-0.0777494428125548
0.150984493960942	-0.0771484960325837
0.160777632456116	-0.0670250848876864
0.155500891528865	-0.0809866002557378
0.139272360888251	-0.103078454685759
0.161812258555386	-0.0726330026715669
0.154390323302363	-0.0907439929582889
0.151625120413672	-0.0653636813223157
0.143576783085225	-0.0816561777183838
0.155970706776312	-0.0734955646239396
0.151697818503277	-0.0770298143987447
0.165702344594762	-0.0713545057325802
0.162161577803833	-0.0852837093313587
0.153773916545967	-0.0620273796413139
0.146483526175648	-0.0796014173030879
0.143425933921622	-0.0658642174986285
0.171910973872234	-0.0898736872978450
0.144782940500043	-0.0688807871884005
0.151431015849392	-0.0883667230589642
0.162063804748891	-0.0719567725648296
0.166662448975157	-0.0785166537683220
0.157957238397237	-0.0697602802924779
0.132889744119667	-0.0845399300552870
0.149773396201860	-0.0966261331465192
0.157890226530981	-0.0825708404682059
0.165775213927009	-0.0702844198805170
0.154156145322637	-0.0950388203789214
0.149568951903213	-0.0757144868105819
0.146618304518292	-0.0635972927416808
0.141974690354520	-0.0689153997064935
0.149716340353009	-0.0772765894554189
0.145319817354736	-0.0741104333669720
0.154380534237527	-0.0806783872261088
0.157344914220423	-0.0820703104955460
0.155741139969554	-0.0672414257714594
0.158574760300499	-0.0734459503632110
0.150235278046307	-0.0788890171732379
0.158737587761161	-0.0913596165353894
0.164433292369717	-0.0586717264606574
0.150722698227688	-0.0696319866774399
0.144188066003518	-0.0548796404854565
0.152461236220055	-0.0630268931803852
0.151311838418339	-0.0721794225884842
0.145841253266224	-0.0633749358712116
0.149472200282498	-0.0687286315957578
0.164968642848977	-0.0827265516421596
0.142371647721627	-0.0638632572522827
0.156577694687442	-0.0748994156000952
0.158270423454088	-0.0541515007417001
0.161765439921307	-0.0674343828213934
0.151261858734648	-0.0881770547018194
0.132481690594842	-0.0790486006096609
0.156373764705231	-0.0946699373508848
0.148542932858057	-0.0716411254155296
0.144846191765100	-0.0671949544602491
0.136084576622872	-0.0684229931957830
0.140079872367605	-0.0630880892332566
0.154735297824977	-0.0729693186169372
0.157890126829714	-0.0735738993035840
0.155479546524900	-0.0906066014534189
0.151332352156172	-0.0797014755477099
0.155300304013429	-0.0866899940094816
0.166041514657637	-0.0692532343965866
0.142949493839975	-0.0808781951734293
0.158296784226403	-0.0839531284712402
0.150575343625511	-0.0750203786407821
0.152070757591473	-0.0670679349379903
0.131131898012255	-0.0750878004965274
0.155138715488738	-0.0753601038638179
0.139953570343521	-0.0681191641392380
0.138557583418017	-0.0792004724939520
0.144525177165757	-0.0546400523520997
0.154026201617863	-0.0757969045481335
0.135158866228989	-0.0790154794699719
0.160482434584064	-0.0800377031644831
0.145950653152009	-0.0755583438703686
0.157351370216023	-0.0808368152555524
0.163428823320660	-0.0846600927983433
0.149242511348026	-0.0774674258103248
0.155745860403183	-0.0544388362395847
0.144989811687306	-0.0659881132394982
0.146965787454451	-0.0750105286045641
0.167930015797379	-0.0709802888374659
0.141503954361147	-0.0914999093739103
0.156590070718603	-0.0721647589062384
0.153601500587956	-0.0845825601597686
0.160886095467652	-0.0787680626870764
0.169270691599181	-0.0683670896282918
0.152816040879649	-0.0772799744444543
0.161424832848719	-0.0677861565017908
0.149621858868453	-0.0727413884655067
0.178376319062362	-0.0898558618922786
0.146256185630079	-0.0839259041145134
0.181453436836697	-0.0899350802130563
0.153082433271707	-0.0793557221842208
0.166605708462793	-0.0759280823238673
0.165060045404943	-0.0757910126212434
0.158515153782359	-0.0816808061597753
0.157736819828559	-0.0816060987814380
0.161584537387426	-0.0815288600581877
0.159014225660449	-0.0679380762485659
0.164690022070357	-0.0933809579068321
0.135568272263753	-0.0771302505173397
0.156916034177150	-0.0794581191006163
0.150724944736034	-0.0864670620415773
0.161162384352282	-0.0777071490198461
0.165712168468205	-0.0794583129043975
0.154865845147155	-0.0862232562308085
0.149202181503659	-0.0927082005532104
0.142003567810300	-0.0899689778205592
0.158396768921182	-0.0744475567136651
0.158195233132346	-0.0829603932598916
0.152533086218510	-0.0687694808605280
0.134470702707243	-0.0925998657957206
0.165064870727285	-0.0792554073118647
0.147759068127463	-0.0715440354903852
0.144761004675065	-0.0683941331602219
0.180588700337862	-0.0693968760872007
0.145754888460848	-0.100616729488784
0.144604251234759	-0.0666989688128645
0.143209241733096	-0.0747308746463811
0.147775849758161	-0.0877113412734609
0.156499831512988	-0.0875632979080349
0.135101207447025	-0.0714538005044454
0.160223785732699	-0.0643390990047029
0.150390880422009	-0.0860285855871890
0.163816235249188	-0.0675309169230449
0.150545475810724	-0.0779194864088703
0.160258522852918	-0.0783739536596716
0.168152027871790	-0.0935942885799433
0.155715899214712	-0.0858365319937167
0.162719892371095	-0.0706119708823449
0.149405984985211	-0.0834543334779684
0.163875590662790	-0.0739522478102152
0.156413376053677	-0.0635690646821252
0.147984447878262	-0.0788663876845098
0.169099688424421	-0.0884153572521075
0.154008004233547	-0.0700590941122419
0.141440400845976	-0.0837592855338271
0.164559418927550	-0.0880054848632823
0.169786418427861	-0.0821038277212796
0.148947065410131	-0.0656163854709441
0.133649277670719	-0.0867993365628610
0.149402423382388	-0.0809213898490304
0.164688673405839	-0.0447633022261638
0.148687967778478	-0.0651210171487924
0.162717559467125	-0.0789637636195723
0.147033744396321	-0.0874263347882617
0.151649529483417	-0.0786272027610175
0.162107374277617	-0.0760297317669655
0.164051225672029	-0.0731298001878741
0.129415942272213	-0.0661548298842442
0.153253197590786	-0.0687116674398527
0.143345333191682	-0.0559388935881540
0.153236918980159	-0.0824300512467330
0.151263380939626	-0.0786049547132624
0.155534428750134	-0.0856841527756925
0.156745134648955	-0.0621121114181653
0.155466929605251	-0.0748537033335753
0.157049929958344	-0.0822541963176511
0.157165676604934	-0.0879443357174708
0.151811467194852	-0.0789190934229260
0.152891857879440	-0.0784156863082506
0.167364168419755	-0.0730950228350601
0.146262244583433	-0.0704315628507653
0.154878205524157	-0.0956694149924970
0.148335115232168	-0.0681988260271358
0.144610362082968	-0.0750611301289839
0.156942791054774	-0.0930923582709440
0.151323308495287	-0.0877729276931491
0.157495760404461	-0.0735225917746162
0.155526508624278	-0.0877008504246377
0.148339339692892	-0.0648170213265368
0.156251767702106	-0.0676459092790385
0.142403716208176	-0.0767881744163085
0.154127965759865	-0.0669527848592697
0.172498172908451	-0.0734119040596803
0.133520291429669	-0.0839205236723011
0.133717419680521	-0.0770586643183726
0.156153023310647	-0.0761542296329124
0.151237006633127	-0.0787311663777222
0.151055633566534	-0.0814614253994037
0.151538374788020	-0.0829935804401633
0.141325541856690	-0.0848722041647231
0.157393231358324	-0.0796727739734752
0.152183578753750	-0.0827962391242729
0.157503197258254	-0.0591154938563731
0.140675006428941	-0.0759041199725279
0.147113138394333	-0.0481442609790265
0.180647881388436	-0.0742654942787000
0.150012673603013	-0.0834940688895443
0.150900545114737	-0.0753418344024738
0.176432100363593	-0.0759748072850444
0.159020957592621	-0.0754716644766481
0.144989099393734	-0.0806666508413814
0.164646977801668	-0.0780188776342582
0.149446222002213	-0.0588256300591055
0.147010813047537	-0.0908505810041185
0.147044135143581	-0.0673771927185605
0.152776232090100	-0.0664858130768385
0.160552419472435	-0.0525340352045927
0.165174329469826	-0.0831954429445936
0.162725865374588	-0.0811650363881166
0.170803084737359	-0.0828338827420822
0.159180215827400	-0.0732352474949233
0.150220778230215	-0.0834033403360506
0.143930255805986	-0.0795573866942191
0.159260500498036	-0.0572345582578753
0.160006377225192	-0.0802222198778073
0.156656519371051	-0.0940481777841554
0.143390032976525	-0.0626537612238319
0.140042706534720	-0.0638193753931504
0.156603822182645	-0.0778923513163646
0.152136396706245	-0.0789137935690136
0.147068207651684	-0.0629324477237239
0.147981133439856	-0.0877097572104734
0.160159850238130	-0.0640468182456377
0.165049337571123	-0.0480627203914344
0.145913472742721	-0.0844740791875308
0.140495016385213	-0.0692301522384449
0.169157329758502	-0.0740143986495952
0.160476755083346	-0.0735182259208598
0.158968103556837	-0.0794926163666692
0.150006045168777	-0.0761721600613924
0.160421724392088	-0.0795024344585232
0.143122411556300	-0.0738569772712215
0.158721082675175	-0.0782907001123485
0.155904975269704	-0.0906517463151650
0.154038986963484	-0.0842179918551423
0.156830119089390	-0.0602118601010689
0.156429780810060	-0.0759084076872729
0.157749686080030	-0.0691816316048418
0.145672656822193	-0.0674933047158580
0.145300234864056	-0.0960904194668710
0.159951254551087	-0.0910960379150524
0.145130091508621	-0.0611580248233311
0.149392497957643	-0.0934998679378999
0.147783055930660	-0.0764466016110086
0.158661604048912	-0.0801702151958181
0.168425356764087	-0.0928372406320901
0.152798357006347	-0.0592214700623805
0.158920511693413	-0.0851154764331325
0.154846043522875	-0.0668782103428353
0.154088222775102	-0.0812679824315790
0.135892085203636	-0.0559584095530344
0.158827393749546	-0.0608738057241050
0.144212128512868	-0.0779730310327127
0.172448455869082	-0.0709767827215681
0.171370369337133	-0.0767282206562972
0.160217136609788	-0.0844258802069955
0.167617935857304	-0.0749256302118408
0.152000675347343	-0.0858648309001010
0.145446771883397	-0.0804305406280796
0.149907227873161	-0.0757804689047553
0.151298263844877	-0.0751418686049819
0.137651241130695	-0.0682577703866315
0.159289131882118	-0.0631359114101753
0.162051447345993	-0.0616861421496748
0.163085417245549	-0.0951785643386024
0.159820542652850	-0.0869981629816139
0.141187049235439	-0.0725517637757198
0.154388259012910	-0.0747928544188642
0.156848274722906	-0.0756241095992623
0.175009007340588	-0.0663219413240789
0.165584879541963	-0.0765219378392366
0.147307278098228	-0.0789970288064391
0.152545925765304	-0.0788165861690932
0.145293403905931	-0.0839641652037606
0.146388928884636	-0.0498853521117898
0.151450483178732	-0.0696509736380332
0.140633291491872	-0.0899277724743380
0.144531058389323	-0.0771285221038054
0.164494121544641	-0.0838719744575427
0.158658738983147	-0.0740019961127855
0.149967952054048	-0.0551162847517039
0.136271917627998	-0.0603486365149081
0.168053256585212	-0.0804446979455319
0.140843180932029	-0.0752799377519549
0.163826791206394	-0.0871456709617957
0.150531831706342	-0.0705389281078817
0.144316278503780	-0.0693135315617342
0.170022648809928	-0.0773828819111596
0.145156963823871	-0.0744221170196264
0.147786522957061	-0.0728079795643398
0.146882079282270	-0.0626637824385202
0.146065594729881	-0.0773762889683827
0.152431735700668	-0.0730237065214051
0.147233070949734	-0.0805208960189258
0.151817015344122	-0.0707134960790487
0.160486073926490	-0.0467257111706785
0.158462077108237	-0.0707380525113291
0.172771589632849	-0.0721858603849375
0.169691370541741	-0.0523025927568993
0.157751715896995	-0.0905374521595473
0.157424987891554	-0.0847620548462806
0.165337173119834	-0.0549347886502658
0.157619443224358	-0.0642482389878638
0.140354860973514	-0.0774503454984088
0.159268114778939	-0.0657875072244951
0.148550611097811	-0.0739394997851802
0.169194504059986	-0.0641409640350742
0.162101434833957	-0.0800509240819993
0.154937514925210	-0.0874964739628715
0.141279520700041	-0.0797382469777695
0.160705439065649	-0.0632731501150423
0.173784674634740	-0.0821174220163033
0.151434034397801	-0.0700415073861035
0.132710880628958	-0.0580887287832621
0.159319746407817	-0.0831037010126057
0.161698360101908	-0.0743145339935625
0.149434312649848	-0.0698884357198532
0.161290812513867	-0.0659562375897870
0.132397714309573	-0.0659699423866045
0.143357456310700	-0.0723605075958117
0.156029728811349	-0.0727368017664806
0.151943321471328	-0.0736673952503957
0.147246797391048	-0.0700484976805692
0.151068890339807	-0.0657801344768918
0.157239602641954	-0.0835258050591365
0.158722571442711	-0.0688165319394518
0.170439032112264	-0.0775151580105403
0.143894111231863	-0.0937823320235000
0.154277417663124	-0.0803597993825218
0.144909722776929	-0.0887660767925903
0.152506706615721	-0.0704680332768390
0.159678645007012	-0.0634539986106033
0.156320835469925	-0.0623186809366182
0.157507387214512	-0.0757844617715068
0.147150181340345	-0.0674015611813747
0.167242568932415	-0.0637851684545676
0.157395072768998	-0.0733790285744956
0.166553398014571	-0.0752847270482149
0.141900724910439	-0.0852043835776916
0.180281760141869	-0.0912791237917711
0.155926998927157	-0.0800057086992348
0.159515411137688	-0.0808825906917293
0.159101007508770	-0.0746462092176164
0.143517506422429	-0.0584316033619745
0.143616721148844	-0.0718845798809074
0.150837476322426	-0.0773504714642143
0.147871450996454	-0.0736179840691456
0.161867052080885	-0.0595186377640367
0.144389299220210	-0.0693701778234101
0.148635612089858	-0.0474346043117921
0.144066935108661	-0.0812867638631604
0.157450664124529	-0.0764013357748245
0.154745956192763	-0.0747085638715372
0.158888824917872	-0.0749364465566858
0.157157145573142	-0.0752262903393530
0.145223678781213	-0.0706903382728107
0.153456572054722	-0.0775283122696280
0.158471277041034	-0.0771115658961156
0.154332317720947	-0.0565539882796446
0.156442439341184	-0.0836629527772351
0.138071768467980	-0.0693562514230201
0.151593618570508	-0.0789185350331536
0.159974705107432	-0.0700766555439840
0.166686122504707	-0.0722959547649923
0.150160043177548	-0.0667462128090104
0.143990522370597	-0.0736882309773968
0.172278167691413	-0.0716841529761152
0.147469823566482	-0.0835076215776906
0.154192994490805	-0.0769720380183436
0.147348700445980	-0.0645010655613501
0.159143436683060	-0.0746067887607156
0.166182846131525	-0.0581573917668817
0.147987465209402	-0.0732697792466088
0.159853060813865	-0.0694438761301284
0.134177428662038	-0.0810129878434899
0.145825612193216	-0.0650604326552473
0.145118438651379	-0.0682782133894614
0.135612126212266	-0.0847732773918047
0.142278268102493	-0.0632935891285669
0.151585897437072	-0.0639004573032225
0.152984534935992	-0.0635173234757173
0.145864748542465	-0.0595992685402707
0.156855739915160	-0.0886060729318394
0.161153624256786	-0.0796668329974797
0.144439057944797	-0.0723978109497150
0.172613121819988	-0.0799981659774026
0.149478175642827	-0.0825921866894665
0.156079859446044	-0.0882373899452103
0.150591171565375	-0.0765565344109933
0.160396889109820	-0.0744139392811420
0.147880081826098	-0.0651950833294563
0.127464973218824	-0.0725000859355733
0.146934911113931	-0.0888126388613496
0.149882110324091	-0.0575685413642507
0.146320591906968	-0.0808434365409427
0.158468715069911	-0.0602288460656800
0.152368009368555	-0.0546901801819755
0.157651864879394	-0.0831426759549044
0.149281789577315	-0.0571232381390251
0.150466644423484	-0.0683967615043536
0.167228116499762	-0.0843411329203542
0.150449179019763	-0.0853408607633755
0.173984405766162	-0.0711941688976529
0.163683024667125	-0.0700997359390254
0.166777064830540	-0.0818020312525489
0.140047031633232	-0.0698775669026580
0.152962456500589	-0.0827341470268437
0.153782909341107	-0.0711268763561805
0.150232757971761	-0.0787095817239027
0.139650826515367	-0.0732499858628285
0.149017116962382	-0.0775302071851765
0.169023731025609	-0.0701752370903138
0.144568842327984	-0.0718134784221741
0.152419064552491	-0.0817607683810938
0.171763708430571	-0.0731664538193773
0.143958237713194	-0.0767365697826758
0.144743150666296	-0.0815913389502059
0.144851209173408	-0.0822434626600189
0.150259697020385	-0.0611168229021544
0.178889903121198	-0.0629134076101521
0.147399283350596	-0.0624625779857555
0.152090633564688	-0.0831594422441483
0.160833441608142	-0.0611489874645858
0.167711476858160	-0.0573869504011635
0.151799979223609	-0.0681380067272661
0.154453776041465	-0.0747863777418268
0.129503155175568	-0.0641826300898286
0.178466836308343	-0.0723382300808214
0.157873709239684	-0.0765587130751157
0.158213915200422	-0.0692049303574338
0.173548766060777	-0.0821657466839006
0.150324262933655	-0.0679783231545219
0.170858103795338	-0.0702651296658473
0.164952813532100	-0.0628001770371253
0.167722895667395	-0.0706943952350773
0.151936549277123	-0.0703523506628362
0.142879690459968	-0.0681125517521080
0.152261895841761	-0.0754187134347481
0.153913929974921	-0.0923929974099967
0.140165381036654	-0.0598376224382241
0.161367921092024	-0.0688455278377339
0.153323128345906	-0.0859017927768163
0.141325795673518	-0.0956574848091868
0.155085065627138	-0.0502658551370859
0.176497314268408	-0.0777653448716875
0.149639435826108	-0.0719931409849201
0.153672121104971	-0.0592239803855255
0.146070051306925	-0.0753245487002751
0.150721844194890	-0.0539685851975809
0.152958194552183	-0.0612547288692667
0.161843872444650	-0.0813038944037746
0.147893343928989	-0.0813120366223637
0.152174191333563	-0.0667657840731133
0.152358374389765	-0.0817799491336587
0.161771828286405	-0.0705658886063476
0.164112383846729	-0.0688641570086513
0.166839892987843	-0.0733887197126398
0.162717023841624	-0.0766590833330619
0.162321101406572	-0.0885835724722701
0.135731389735336	-0.0649022785614838
0.166981250669437	-0.0670105971345738
0.143452039838151	-0.0711244553933427
0.156768397452792	-0.0573683342029547
0.161009652950738	-0.0656630202062605
0.147059273955500	-0.0616524573485042
0.154850006134917	-0.0907342682641749
0.133921384578181	-0.0784936314708844
0.155452246992503	-0.0847005906058030
0.154939554016175	-0.0763408492304969
0.151681817323409	-0.0839199934074978
0.145537612896671	-0.0737696746486464
0.152155970488052	-0.0709375462069066
0.146439759313076	-0.0775120385604589
0.164412807406049	-0.0512543342238848
0.161492804248554	-0.0706708296569466
0.156659400994818	-0.0679041815957726
0.161512401766679	-0.0843093529311372
0.140983787769881	-0.0753892448574811
0.154136518059508	-0.0741124390470948
0.148015580851109	-0.0901631857880044
0.160280286196167	-0.0900269215215824
0.154856323745394	-0.0767070324082264
0.159485555181216	-0.0641642478298977
0.156581942794264	-0.0735684157466678
0.141459531891216	-0.0744708019413885
0.155877752604732	-0.0704118469968197
0.171239418416919	-0.0739246941634249
0.150865932356739	-0.0703170648939019
0.157476921163540	-0.0737623458468284
0.145960668749861	-0.0695959646674521
0.150282041144459	-0.0653093274536612
0.166801617404330	-0.0819275725278722
0.153843360308743	-0.0709494830864921
0.155425547327184	-0.0733583537220047
0.141227118938164	-0.0869353975505771
0.137349814133448	-0.0767930304184457
0.151234487354537	-0.0726221414927090
0.135608286621759	-0.0683784066224190
0.149514975655532	-0.0848856499727743
0.156766897080805	-0.0559605160503199
0.157991097630411	-0.0622137554914358
0.145569068489572	-0.0680528539164687
0.150109457345573	-0.0772696313360344
0.158025673858184	-0.0789290540844140
0.151743425546310	-0.0854385422633535
0.143711528723283	-0.0607522020531600
0.149382588238518	-0.0768996476024706
0.145176714694207	-0.0674418073733428
0.158150530650187	-0.0806872301438290
0.141814717502080	-0.0748541025437022
0.159454007021977	-0.0735373594519720
0.142726081346563	-0.0607701888308542
0.148626378325523	-0.0598009839965155
0.158229113457530	-0.0807954602322656
0.135790718116996	-0.0698648777815465
0.143657576727603	-0.0768610332890018
0.180215816847237	-0.0847496323743020
0.145648471956121	-0.0800083822088721
0.150925246081894	-0.0740039964893418
0.139159666395687	-0.0704882151892213
0.154152627270007	-0.0728496447346118
0.156928026472603	-0.0621565592410490
0.157373632077593	-0.0791964993218841
0.143950357215074	-0.0763444611119061
0.171721598872930	-0.0724421309213597
0.157703937931125	-0.0852124566001627
0.152142985593116	-0.0729596197154381
0.154628864101943	-0.0676088687700538
0.163159295533991	-0.0730219022207345
0.155575991062087	-0.0701352571077701
0.159101123150076	-0.0826776564490787
0.166958509682578	-0.0541595375183844
0.153649596802617	-0.0687109294923270
0.158356338152621	-0.0877988482382046
0.144815690597114	-0.0688538780128350
0.161805632289081	-0.0947835203536843
0.152404343623142	-0.0818804783364686
0.148375896234377	-0.0800644211121505
0.158388892512410	-0.0894664695764688
0.160055863010262	-0.0647404859127495
0.146615809976627	-0.0926687324813975
0.150209062807819	-0.0761710826282555
0.174363265691458	-0.0683786720888305
0.155726485125038	-0.0767961936927442
0.165461269276788	-0.0677311794793897
0.150665676395733	-0.0844662851674272
0.165488006227845	-0.0606791294137659
0.142502697359220	-0.0763709998222874
0.163470143539907	-0.0516645596408209
0.164094757544794	-0.0701448155589285
0.136289593561472	-0.0739851108934500
0.157248012237600	-0.0719021586785861
0.154792620144494	-0.0773884574500836
0.161640088563711	-0.0823530479902590
0.161521163577929	-0.0682194317749655
0.157971741068235	-0.0624293239382826
0.150058015638729	-0.0666322301968016
0.148933758100900	-0.0765243491781304
0.152032101559501	-0.0763046326339368
0.153984459458830	-0.0744396331680167
0.167068570149979	-0.0670459120565979
0.165835358290162	-0.0644696945100923
0.158527348733170	-0.0687629398894043
0.159845349364318	-0.0789074994390189
0.155193893914627	-0.0762035852301696
0.145305030455458	-0.0802139198862102
0.137449317617947	-0.0716499311134875
0.158073662164913	-0.0735097544828407
0.145492038883231	-0.0579841750827846
0.149630973531971	-0.0802950825979243
0.154107663078335	-0.0819235571907587
0.158880341768593	-0.0847023132168082
0.159823498086596	-0.0764353612604827
0.137022010474677	-0.0566275109855685
0.161860868804980	-0.0780361684764649
0.157211265468690	-0.0730621857939441
0.129138198118505	-0.0658920145115503
0.159752874788424	-0.0657588544476478
0.155244096826333	-0.0789136113449530
0.164471937255542	-0.0953046937938206
0.153768789752404	-0.0837554890965484
0.180176391440658	-0.0655143455163234
0.154531630898045	-0.0695229667567233
0.147039514025061	-0.0795683358304550
0.159930215202975	-0.0564893326835460
0.151554039999635	-0.0740841046146570
0.146426467327591	-0.0813723001251986
0.158382103761746	-0.0758117094407035
0.155585379939968	-0.0805924982584094
0.165761035401562	-0.0585707973603819
0.151678671128677	-0.0599800940451584
0.148622723313429	-0.0695110914269319
0.156068498974867	-0.0574186172366100
0.149978630407915	-0.0803133643181657
0.162749176969295	-0.0582445229039289
0.162645337271318	-0.0587374213270394
0.152444663922670	-0.0801167603780234
0.147130523630012	-0.0779435528170488
0.148876790536425	-0.0775226649468561
0.150105491851773	-0.0736148300708185
0.149597199440847	-0.0755233362600528
0.151587528248010	-0.0812011483873316
0.152695066074651	-0.0645142532555413
0.151107782784749	-0.0550333495340517
0.145658321322359	-0.0703728169593523
0.162486594785778	-0.0726707692728203
0.152193521401150	-0.0499925223477457
0.165067275514023	-0.0724979404641576
0.164494094861272	-0.0867015449985425
0.160944825940259	-0.0938850310624191
0.140786550606596	-0.0814733948035345
0.143046105867467	-0.0425776069328606
0.148593900566961	-0.0802285880320921
0.151375660146117	-0.0770179828883187
0.150605706182245	-0.0616432883470668
0.162970417662546	-0.0704725178825922
0.147876042225291	-0.0632162645789364
0.158426404660804	-0.0789943018247589
0.158601916057485	-0.0861235233976618
0.159336708325527	-0.0628582832204540
0.147037387371322	-0.0646422996948549
0.146620379031224	-0.0622989587349454
0.141918321782201	-0.0583732080373514
0.160993091060852	-0.0899682061150373
0.150609372197206	-0.0650092459505955
0.146732295111285	-0.0728856854780712
0.169705781376002	-0.0717003059509018
0.152519256401062	-0.0701765466442681
0.144899725835682	-0.0653739889724346
0.142958651197746	-0.0575906765057934
0.137127056728928	-0.0788935859660836
0.145336318716657	-0.0596711168832459
0.161619644968549	-0.0754177707198907
0.159396999119356	-0.0713848576799665
0.150742178731884	-0.0887027878961732
0.167356583814055	-0.0764327257556560
0.150778964027557	-0.0872552194976059
0.165944304607153	-0.0841539921738669
0.155476920230491	-0.0794457895751782
0.158178513119243	-0.0660649205839607
0.147351184752258	-0.0613902336208606
0.147846606082103	-0.0864237898154196
0.162349949087055	-0.0780538272323064
0.152828466400644	-0.0619267289662118
0.152193687218429	-0.0843000900144635
0.167636112204374	-0.0663031097926117
0.141938443087558	-0.0621017638704144
0.152844900182091	-0.0572046838980857
0.154974132739561	-0.0900103954801490
0.154208305175428	-0.0785342538904906
0.152285017947799	-0.0585659415156300
0.174168840705524	-0.0729884032977157
0.152354117396498	-0.0815688858778672
0.144396882543446	-0.0735510413361789
0.153468461792866	-0.0854455860799097
0.152041562656027	-0.0801297772998308
0.153223289995759	-0.0703214897137875
0.150850859324109	-0.0823531892896636
0.154302196700902	-0.0788806045811411
0.166275068614193	-0.0474204868293837
0.157140895649203	-0.0627263298180543
0.155388576237193	-0.0667438821017421
0.165819173695526	-0.0919689741655494
0.148828362289698	-0.0755335990658858
0.144382886131572	-0.0682651465299071
0.149777114596332	-0.0694614904639705
0.149496199639251	-0.0850872535658544
0.167899595921600	-0.0706339972363509
0.154026139271772	-0.0710600886962917
0.153835215884365	-0.0591582255039654
0.149330079054856	-0.0663415621628945
0.156420671595371	-0.0911828424967260
0.153428988895678	-0.0688278368251627
0.161749273266960	-0.0739683645448045
0.146263167105144	-0.0828432055098244
0.137681610557684	-0.0446438043009306
0.144832328163902	-0.104994351162825
0.152469547399666	-0.0676832628296797
0.160290267617316	-0.0725099740690412
0.157693361510724	-0.0697683182868088
0.172387253802432	-0.0856528314917671
0.152004834828579	-0.0740736954217723
0.149428077239803	-0.0751254462965511
0.158090674940577	-0.0658646754368217
0.148815164425428	-0.0782117411948025
0.147795923154882	-0.0863478918208518
0.155861762533300	-0.0797889724074498
0.153039603196681	-0.0574184860246831
0.151625218552328	-0.0691337352216011
0.141430492132158	-0.0605828699866361
0.157826179506271	-0.0714896226994604
0.162437979646609	-0.0801539388352259
0.156749303612634	-0.0869826345628047
0.151514925580409	-0.0805687816938683
0.160640363948076	-0.0636827697463393
0.152574119494372	-0.0713002666034745
0.151875520041337	-0.0644265568982563
0.143793504819469	-0.0857404386922487
0.147962452255179	-0.0840839943641048
0.185636203183547	-0.0836394052655286
0.146848909048475	-0.0588201226992493
0.143431028562363	-0.0470483924607678
0.161937866128505	-0.0624984881770343
0.159003253595742	-0.0912113433431432
0.164959827701012	-0.0816916401899450
0.136998372569783	-0.0853316926271648
0.149012781248134	-0.0760680023882236
0.160774620621281	-0.0673154765129231
0.147114048917782	-0.0784775993867320
0.163121840273401	-0.0826032976515281
0.140890051598587	-0.103041187817881
0.154973627110451	-0.0792689652182828
0.165124444551294	-0.0825778783565797
0.153657023355265	-0.0588042944258659
0.160511793551179	-0.0751272045667995
0.141329856125013	-0.0731494319090014
0.150281820785301	-0.0875270518360231
0.165886854689418	-0.0766320721140380
0.168113524305933	-0.0801423021443361
0.141437905470710	-0.0828988953097729
0.151005436648311	-0.0766931838864419
0.170419041228106	-0.0749352706276852
0.137937737988356	-0.0629493324355537
0.154458346957915	-0.0722731395067981
0.140981527799918	-0.0621703707193315
0.152895724589164	-0.0775465438791318
0.149044581059186	-0.0867989061972971
0.143551891028117	-0.0773125403859498
0.144146184513353	-0.0829300131924896
0.141961326444140	-0.0837916007939822
0.149232549954572	-0.0740904642795911
0.151282893338648	-0.0833191451836710
0.152296426520781	-0.0685114347863608
0.157575717385364	-0.0733621225739731
0.156156249038315	-0.0768011974845044
0.143327699315052	-0.0703338402609535
0.160976752264181	-0.0851115252159785
0.153994926458760	-0.0751368362771914
0.162188519025875	-0.0910224491482706
0.151074678133231	-0.0820374398837671
0.165692395440194	-0.0970503673106228
0.143840400300449	-0.0853988116722283
0.153875202549421	-0.0679878827814674
0.137410910380851	-0.0730962819853420
0.138242543033785	-0.0757369425587182
0.156879073687089	-0.0791139475481107
0.144061305550046	-0.0756575540476283
0.155169135527227	-0.0701556619137258
0.154848948405291	-0.0769394331212156
0.167759221333770	-0.0834594481707187
0.165187038585494	-0.0763523963423847
0.146371186741783	-0.0657776061697303
0.139485114874560	-0.0680056837998775
0.156949560824037	-0.0556432358940477
0.146201655512988	-0.0930198260222422
0.154117405543925	-0.0679616443135403
0.156607469092772	-0.0708773200911656
0.142752906412632	-0.0743296360038877
0.156898653768920	-0.0798492716941825
0.160264844665408	-0.0676815016158716
0.142217683790727	-0.0717429309166286
0.153775486021561	-0.0700000792293132
0.141730710972975	-0.0638547978735457
0.157375064071664	-0.0724428489644415
0.163993889134187	-0.0615250709199104
0.149790065918127	-0.0701329770559260
0.156725057130708	-0.0704049007992025
0.150505081747428	-0.0689736151157599
0.159173482082588	-0.0600669442633608
0.149648224489252	-0.0827863602368055
0.155130165701947	-0.0751616589474663
0.148654139876666	-0.0663192636944200
0.154632237955974	-0.0850014457656350
0.159922913458955	-0.0637368171364090
0.153537963335379	-0.0690782414180647
0.140406227458108	-0.0693170269905809
0.138595121532046	-0.0593991566700319
0.147576556038006	-0.0941542564548731
0.149240684205456	-0.0569194767697140
0.170194078494154	-0.0781248731261456
0.155614788411593	-0.0833966597275360
0.159475755599147	-0.0818473821059252
0.151676065359595	-0.0661534793656459
0.154322334142457	-0.0888324582778367
0.151508728064763	-0.0835883085731703
0.168613591065054	-0.0676199065337221
0.145415385122261	-0.0857906451281657
0.141342618223706	-0.0577805669882895
0.163835993655788	-0.0886107123547483
0.168509979089137	-0.0861262355537678
0.144923650390876	-0.0760969353753189
0.133463261902050	-0.0911762360000757
0.162826369189786	-0.0639160535824492
0.161443224492591	-0.0945093071738563
0.155733016007511	-0.0778926062960540
0.151611767776004	-0.0617789020414490
0.130094246113124	-0.0589143681872956
0.150825018466358	-0.0888846517731232
0.147307366810315	-0.0644951866463882
0.149864057350372	-0.0842505018275959
0.155078998104282	-0.0847370921447681
0.147903798787483	-0.0564970106334169
0.142574731172831	-0.0604226195343459
0.161763977044448	-0.0637076160672312
0.160901802735227	-0.0771195129327525
0.156965671776301	-0.0635772336240519
0.156137215386463	-0.0829399620791543
0.182996627645746	-0.0643219453757057
0.171579020434921	-0.0784547883997931
0.141536409701068	-0.0884833088243003
0.169341559049711	-0.0763427843882545
0.145279014890189	-0.0726224801459757
0.138719727116832	-0.0782748435545902
0.137688247375151	-0.0555131632936584
0.150083329373101	-0.0562695363245969
0.148234036855381	-0.0743474518178110
0.148151876394127	-0.0687563519125783
0.136786044434964	-0.0777750799289182
0.139858978645944	-0.0797704114529085
0.163865596489930	-0.0686296885825116
0.152781636925987	-0.0753906464660159
0.169051347438533	-0.0690001119717490
0.153686398427339	-0.0829309606499833