-0.133761913279497	0.0563440548801635
-0.134490908726126	0.0554747363945850
0.152930365745028	-0.0658282422074044
0.0871807952950030	-0.0607891025788878
-0.111703999360903	0.0876188099741329
-0.148879761812418	0.0657044752445972
0.0375394241102856	0.0597800768328787
0.00327623382785798	0.0519975441438200
0.0815764139680600	0.0711999165704893
0.0470556339215480	0.0744313899436878
0.0259452887012541	0.0658348659039880
0.0115228501016018	0.0431849340988681
-0.109178821904514	0.00712017287445766
0.188297689552740	-0.0770815574865862
0.0246037505162596	0.00549275764489381
-0.0469930061078646	0.0862776327929742
-0.0276968355349508	-0.0524268745514984
-0.0677773387730513	0.0670677174071043
-0.161436985249624	0.00205062107096291
-0.0375883361864308	-0.0604965292751484
-0.0491164584336283	0.0488639961767954
0.100569865246509	0.00642530365880386
0.0618664852653681	-0.00428781003598618
-0.0336889329547718	-0.00171256606627818
-0.103781283545865	0.0512602605028764
-0.0564624992492175	0.0388110560549192
0.0353072248548276	-0.00289677366802406
-0.103599087196481	-0.0694607627977530
-0.0660900452220035	-0.0722782886648374
-0.0502359447033477	-0.00936816266641419
-0.0885537107650666	-0.0686256824863060
0.0349929616039322	0.0633594706800322
-0.158798306830196	0.0444200435384019
0.188337196181214	-0.0576609054723042
-0.0932665584111701	0.0764336211892670
-0.111901635771456	0.00317063189679515
0.0847886922911222	-0.0573747073081056
0.0707186193376709	0.0151394580865330
-0.00772457855557098	0.00625329665783481
0.0286423045851487	0.0644106875766194
0.00761507912216451	-0.0585795083504610
0.0853226772590798	-0.0427196332908882
0.218145119130768	0.0710505349970266
-0.135428174237527	-0.0588792568686240
0.00785344484906549	-0.00880830175857345
0.101925965932701	0.0781740700337886
0.105464465574140	-0.0618208248717318
0.114049749388326	0.00901299888337964
0.0661364047007792	0.0575316940263020
-0.0992916832578385	-0.0515256863134186
-0.116042539629591	0.0509352601208501
0.0178098399278803	0.0634948128250043
0.178093175095846	-0.0701366862395368
0.124440297572700	0.0540741650034469
0.0152931918909370	0.00138703530372103
0.144709227436574	0.0780615544391467
0.0305648176234917	0.0700823090220349
0.0779035236453324	-0.0562141893834601
0.133858954705926	-0.0605741964499167
-0.0129429183406381	0.0621015220998402
0.0286852407377761	0.0620926939438405
0.273631808557686	0.00734455519357536
-0.0643729171767471	0.0474483495827398
-0.167991407841467	0.0705349920232641
-0.105553155836469	-0.0737868136560571
-0.0981940593618089	0.0538141747237486
-0.140025674557291	0.0523239093822772
0.0660372624211947	-0.0609093976220437
0.0396688139759564	-0.0683010116237237
-0.0760588405720361	-0.0704584713517945
-0.146981696396945	0.0648894781617750
0.0470692388171040	0.00967540704182853
0.109853394962877	-0.0599856680402612
-0.122430261656206	-0.0782171103847047
-0.117275636249780	-0.0693440603290652
-0.135252407610814	-0.0657327556917775
-0.0575849146868961	-0.0584895902326987
0.0954714012939769	-0.0585261642306661
0.0285884863512537	0.00854045483579749
-0.0580370462569549	0.0677003994009021
0.158123929609562	-0.0647925359873271
0.116241280247675	0.00145702522052671
-0.157709011848832	-0.0782094978873194
0.0867020495838357	0.00664263560448367
-0.0185988268408997	0.0458853127979669
0.186932791113274	-0.0537554183277845
0.0385012857483187	0.0130238658261667
0.0231954647377136	0.0578993766857593
0.136205601459072	-0.0606013578358522
-0.0620957518267383	0.0659680971078619
-0.0877272804592713	-0.0811986891678084
-0.135101052216557	-0.0100629970182352
-0.120415152415130	-0.0548018933628785
0.176240747153757	-0.00403900667746796
0.0824111708727462	-0.0732030766294013
-0.0867992624419499	-0.0643964781831161
0.0821155941293370	0.0598929719090340
0.000502889868461706	0.00899389977721294
-0.00980229606583051	-0.0597587869253383
-0.0575317494114820	0.0583776405513596
0.176858943455748	-0.00333615255029825
0.164886016436563	-0.0393758977528938
0.103775547789542	-0.0498307922066112
-0.194146472103814	-0.0536038417630816
0.124127087979529	0.0644133364613110
-0.0820767641118955	-0.0495110095379672
-0.0687141971953017	-0.0740021180059763
0.0604721419996835	0.0481923901482126
0.110397647850039	0.0601051311783492
-0.130453500655881	-0.00610842705388388
0.00528047659323909	-0.00641331302847913
-0.0254783573057826	0.0624154115816843
0.0713498226424736	0.0652726221893398
0.0366741042964508	-0.0627131300648409
0.0768638969669663	0.00854503950438378
0.113387996518072	0.0290900719508980
0.0345418249978518	-0.0783887152214858
0.143560261168077	-0.0669003033341041
0.000663527740610631	0.0596552541128673
0.0481272616180522	-0.0637163305037031
0.0209039400095463	-0.0601269292603428
-0.100649173288768	-0.0634115521205765
0.0941223367889634	-0.00410942740104985
0.108507185815341	0.0639366804605762
0.120225307783685	-0.0327239877594656
-0.0465354373785261	0.0639461302029532
0.115513097495174	-0.0647659035609834
0.0210280908478966	0.0568879978745417
0.0929223244875329	-0.0534512040036881
0.0220196642480357	0.0585052286319292
-0.160939160056592	-0.00340343654973365
0.0882090271546952	0.0539609704620484
0.150489984530478	0.00526024918137901
0.00199186547460318	0.0636791698618389
-0.0779939254203874	0.0580604733449534
-0.102979752951889	0.0499818123584209
-0.0168745468030987	-0.0679311224318399
0.170029691405583	0.0121782146204776
0.0388942673030723	-0.0658809189310807
0.105671621609037	-0.0685402776615109
-0.000619745611895083	-0.0102252635310163
-0.213957259395278	0.0558355310439428
0.141700764141413	0.0640078765236083
0.0392311974753961	0.0659066493384417
-0.142719694427881	0.0575813318712250
0.0585500017204072	0.0729626313398410
0.105556501250930	-0.0168778230352656
-0.162965982800440	0.0537805897260046
-0.0954820722504077	0.0206365290943575
0.0823967462093261	-0.00715250064993554
0.115705879346471	-0.00217988594165282
0.137559293675069	0.000964556523005393
-0.0338399477767370	-0.0746795236047675
0.0667012876794458	0.00396131287254907
0.102812823340305	0.00654452653731609
-0.127912845792843	-0.0606850221935876
-0.00656719647952361	0.00470927690619499
-0.0813354203564729	-0.0395332223900902
-0.107826584821696	-0.00652686109499761
0.0684554953465845	0.00387607862836957
-0.0832174439294440	-0.0649183409377675
-0.0916117715213348	0.0506236721468127
-0.00620212753428062	-0.0689539544495045
0.0331451961725997	0.00514798661530905
-0.0185482999105263	-0.0728131084881611
-0.0997744072367305	-0.00122045384957728
-0.0285186780212218	0.00227516814387014
0.00716910101069842	-0.0652489407413956
-0.162757127779338	0.0645885989657023
-0.164225455266769	-0.0597923511797248
0.147495751784875	-0.000826868902029827
0.0518584530632885	-0.0662779580760141
-0.0366119621396650	0.0708998433022022
0.0352069492706813	0.0143239583236817
0.0691241026238265	0.0618501052999212
0.130814603221826	0.0653828960822965
0.152828950737449	-0.0687194279700286
-0.191429017203484	-0.0489844307121011
-0.0467411802203588	0.0522846687509752
-0.0267200426316779	0.00229544926598542
-0.0430491808103498	0.0631454112707918
0.0759623556195625	-0.0718647438760298
-0.00121463681374773	-0.0573980886389503
-0.129780508349926	-0.0526956804759078
-0.204218471363767	-0.0686381059157733
0.0971033743443444	0.0118226645858619
0.125665428488341	0.00724045103576699
0.0863311762656113	-0.0129225253108268
-0.0446961799873091	-0.000855527867168648
0.0789986799751745	0.00604148061797746
0.129946312378266	-0.00337358684584403
-0.0905559027547085	0.0232735737158455
0.0460598020210102	0.0158567427231347
0.0286908496872283	0.00432694681891402
-0.0202941249052286	-0.0534191236393034
-0.204612312134456	-0.00634730766464940
-0.0755114619589255	-0.00686956968672039
-0.0740343129370177	0.0123679727478192
0.209022394069122	0.0523605192894994
0.104892897895083	0.0625240229053628
-0.0914619115203822	-0.00159066268445825
-0.0293684788033153	0.0657170716667601
-0.0130908775449971	-0.0639520795354938
0.103121575232290	0.0659196732251535
-0.0479658219155307	0.0556078535137948
-0.0821048373558009	0.0349498590519390
-0.126713053162122	-0.0754006178174920
-0.0175422007882687	-0.0563708271956049
0.0725968496853426	-0.0699498399443333
0.164570750727332	0.0860040114717988
0.153448611594185	-0.0586774572399361
0.0955916387678714	0.0636058191364530
0.0129005019389488	-0.00602579049176728
-0.161970817338336	0.00850771568373723
0.141640853799531	0.0647514803907884
-0.152044772320960	0.0717221813038428
0.0923372560008065	-0.0665356445987626
-0.0162403411372422	0.0574509622746003
-0.0194939677397129	0.00334792283400529
-0.108881759118814	-0.0674150294756375
0.0660180283368142	0.0280641784093912
0.0162883061144338	-0.00258214151797650
0.144595373282011	0.0181086505063032
0.0465090213017561	-0.0767142953280003
0.193233361461299	0.0607150660613411
0.0321858570044097	-0.00579051500041057
0.0172761315814753	-0.0440246258229878
-0.00567874144371859	0.0433752480810331
-0.134300558816985	-0.00697655815110919
0.119518184215414	-0.0692616697289191
0.00500682715855566	0.0640903208435619
-0.0348678887333008	0.00628066175665350
-0.123246573827327	-0.0731570377271411
-0.0852406786037208	0.0650692022331866
0.144944634350655	0.00271249484503750
-0.103618461661458	-0.0730968740358459
0.0244836414243924	-0.00586353568030764
0.172501560147778	-0.0637219285583571
0.198985824879175	-0.00461413824318550
-0.0240922911594243	-0.00777943176883511
-0.108989083249020	-0.0552667952464616
0.0624131408712932	0.00129350611476044
-0.0144513383270428	-0.0605225654333428
0.161128346895266	0.0508194526976780
-0.00874779232118020	0.0112049057755355
-0.180608267225403	-0.0112275675834337
0.157910010486009	-0.00777480079234839
0.139126645297931	-0.0592933064270424
-0.168565399772615	0.0551087268528856
-0.0131598301991881	0.0218508409217650
0.0969546063026555	0.0492417185662487
-0.0223152326477604	-0.0123252570650814
-0.0239390647028492	-0.0629042066270527
0.0670741009750264	-0.00807933598018859
0.103197088165882	-0.0522673991093353
0.0698257101946823	-0.0727702146064694
-0.161104355117077	0.0529572491603500
-0.123779487003966	-0.0440097273194266
-0.0504946762898001	0.0757726184912815
-0.171626440747096	-0.0780752398314163
-0.161272069482012	-0.0556201150948827
0.149734614152338	-0.00537111546797894
0.178866174588247	-0.0591506742810103
-0.0397909880336428	-0.0590003403103607
-0.0388867349601197	0.0553563730161750
0.0309207072257672	-0.00951718592581135
-0.256749128916270	-0.0564285420238756
-0.0584843709103480	-0.000592389788030045
0.0264234101209115	0.0582699785669809
-0.0354622931384552	0.0490843418838988
-0.0200008054533521	0.0674548531274696
-0.151613655266167	0.0453204879308344
0.0308584929350783	0.0616444604324392
-0.0175157980064994	-0.00928340308326688
-0.113729341985057	0.0152014823475710
0.151196947758699	0.0568638716828749
-0.0826742902369998	0.0702024460453230
0.0217635372901660	-0.00288422158182033
-0.145087828173393	0.0683916098302899
0.0785719778767151	0.0115048106597609
-0.0994800569823938	-0.00175965145096323
-0.0188224495784326	-0.0593360954444821
0.146561088676348	0.0526656469055311
0.0600726051259352	0.0486388562733981
-0.0182174170925046	0.0751917825155706
0.0172532427021060	0.0622686803658927
-0.00883635537583270	0.00145476864823901
0.0722603734590080	-0.0661807979423523
0.186551488723793	0.0829926407123047
-0.132108139794877	0.0514409357045775
0.0715742628948099	-0.0615844568499541
0.0555387990898806	-0.0611494166213975
-0.0936728354104505	-0.0641380313988076
0.00130279827249966	0.0612732617354661
-0.118478659290504	0.0721108352683103
0.153346883268785	-0.00566194133294172
0.00125256455918105	-0.0578311175549421
0.0378862789951204	-0.0578572220161922
0.0866988629297344	-0.0568974062711657
0.0743598945715400	-0.0690920667003649
0.178947532179837	0.0580081723829818
0.0447221776308604	0.0609617201140191
-0.122310900931713	0.0605916000056678
-0.126097732869349	0.0124843501766193
-0.0540909932252302	-0.0683361452115064
-0.0340464863174214	-0.0703578463993492
-0.00341478350156266	0.0515733181666612
0.0116443140657769	-0.000835371090768960
0.102694578044670	-0.0475073330115441
0.138078860154403	-0.0521945796915500
-0.107365943830689	0.0434964198460260
-0.0194839771335020	0.0597353406553599
0.179039065498962	0.00687986031710674
0.0689547778243598	0.00881764059189695
-0.0467010760706452	0.0237593235735746
0.0626773033417004	-0.0654181964014743
-0.113343845942983	-0.0845761599546560
-0.0849977445931309	0.0572528945918909
-0.0421253377960339	-0.0619892674893798
-0.0217562159281689	0.0680372483493621
0.0529651039589947	0.0582743468130990
0.0580496085681584	0.0166161409995393
0.0550215940642306	-0.0493853010841810
-0.000935456937622428	0.0456983973872502
-0.205344571854256	-0.00562630556610640
-0.0305082830446363	-0.0831704968120266
0.0561757633443862	0.0108924123789383
0.0262823130128408	-0.0772709280275342
-0.0880439282100420	0.00208882884087967
0.0403427734282382	-0.0588420643198068
-0.112465867612091	0.0524583126860521
0.113667639568535	-0.0654879201855984
-0.0630072514954506	-0.0756594348982891
0.108704832643410	0.0141931854406914
-0.0285708064891290	-0.0562720730425417
-0.0761130242998412	-0.0146256275563167
0.124550944311862	-0.0611087059017646
0.137494580047009	-0.00147424225979827
-0.158624390479130	-0.0116709333716974
0.262001648317662	0.0419646930356879
0.0781947099926194	0.00369762581076907
-0.00764369106076214	-0.0524632627559802
-0.200688826264214	0.0499494873191261
-0.0316230479983297	-0.00251996245030411
0.0596307597072302	0.0723378547102407
0.135643525644607	0.00530624605004540
0.159722188050804	0.0727294759487808
-0.128389852909501	0.0190239517434925
0.00946136397811769	0.0623407304182889
0.0790068519829592	0.00616244307077406
0.0474397383590305	0.0833867305488679
0.114211671048202	-0.0475059621673453
-0.0520586071956715	-0.0661527037638792
-0.0920278761698247	0.00979972308234929
0.0607392606840425	0.0632301508379962
-0.132357477123345	-0.0459310113854045
-0.100343493117052	0.0578510134281345
-0.123551073447884	-0.0672390804106935
0.0239529173191589	0.000933176027956410
-0.180774621004471	-0.0637064637280632
0.0637996442408504	0.00958371849686180
0.0906347625512879	0.0428591122943616
-0.180747104387479	-0.0685898178369876
0.127892817538081	-0.0772436819393179
-0.0609206327328052	0.0626816881175824
-0.0699188056316056	0.00142533116665761
-0.158535396119250	-0.0588519169488810
0.00746656313814680	0.0556120836948598
-0.0184146938979573	-0.0691981495865716
0.121106061275266	0.0189012265499104
-0.00935958926762968	-0.0562064750650597
-0.0960421314680926	-0.00352601364873281
-0.0658305771096164	-0.0670825927715691
0.160700815865445	-0.0558063037369627
0.0515894182653606	0.0494888800059387
-0.0504741527617351	0.0583109825993624
-0.104669906283654	0.0634139988011401
-0.0570894762759306	-0.0511520519938305
-0.0163998763599131	0.00627512260171599
-0.0152775478340864	-0.0619315517989034
0.0443355543893624	0.000287238540820386
-0.144187829095287	0.0513749072387300
0.147282634943894	-0.0707139839362058
-0.0961677538272199	0.0527137386069000
0.0216360230177337	-0.0559229647860073
0.0686104079450679	-0.0581657472979387
0.0569226924716731	-0.00603810663431499
-0.0782351549938523	-0.0579248401470262
0.00613249869369697	-0.0718995565361903
-0.0272964923706531	0.0741488247002679
0.103874745211621	0.0725951641446132
0.0496909398465748	-0.0524375006129865
0.0826930441323636	-0.00413692309250737
0.0515713742711169	0.0697445400240066
0.0247853476844249	-0.0693533841558057
0.0787031156947804	0.0154558048032366
-0.0106452911239416	0.0602593197311536
0.000851399593102553	-0.0689078162489503
-0.141552148390593	-0.00511511439079980
-0.214911112559450	0.0630962413307954
0.189565131522508	0.0638607685841187
0.0124483253688634	-0.0437199695165027
0.117081263927494	0.0166013786447535
0.101730652363386	-0.0698714965455664
0.149811250468592	0.00658095172079112
0.0746763881879034	-0.0657610701940416
-0.161924564544749	-0.0139102251373864
-0.151409399055185	0.0457283576128339
0.162951716329483	-0.00243344989237796
0.0130227409335418	0.000941091541036304
-0.0925666764373174	-0.0789449940906239
-0.0478659994504940	0.000270204215023620
0.0903081118965764	-0.0636926857813433
-0.119201112216434	0.0689351703775963
-0.0302610398346429	-0.0746428020437824
0.00720576579500549	0.0717606086582825
-0.0741428026118996	-0.00808211324089113
0.0946122114111770	-0.0760194332682735
0.0447841952160217	-0.0113234683886339
0.0501443627596636	0.0658032897320972
0.190264887191366	0.0696852337511269
0.0247338137721436	0.0796075039904399
-0.0129383512845042	0.0499201616193143
-0.176843032492005	-0.0656309031676250
-0.0507581427568836	-0.0559952258729846
-0.0848173680572545	-0.0764113453461022
-0.0289367018940053	-0.0546593961037806
0.122767469983052	0.0721424378341563
0.0155928289367180	0.0584418749237943
-0.110748805429924	0.00732538085662025
0.0677249873659061	0.0645063205685977
-0.0118855211893508	-0.0622460591084759
0.0103919505308972	-0.0624700568352481
0.0328252761337560	0.0872957613390539
0.144940329423130	-0.0530650545236789
-0.0517009034688903	-0.0706279909407877
-0.0860916938398057	0.0486171068519392
0.00324066783020102	0.0576224339118048
-0.0445910618356956	0.00190767188425248
0.171512310840204	-0.0509310372137194
0.0150010248612819	0.0146638328059756
-0.0339423246027879	-0.0619054339411656
0.172448513387389	0.0751273038612305
-0.175536221281803	0.0796323721595947
-0.0856592343260174	0.00336471547993905
-0.124588488884504	-0.0669604057126404
-0.0483502987089508	-0.0588205193160118
-0.00268421207556552	0.0700433582086520
-0.111415657886746	0.0522199051183645
0.00999234192385068	-0.0608958297723500
-0.00548038607258142	-0.0210781923937737
0.120500264545249	-0.00946091238250578
0.101012092530715	0.0628800967430433
-0.0532772442116176	0.0707458529977170
-0.149787462755039	0.00393486811569611
-0.149354592052386	-0.0820546205350606
-0.0838286140980546	0.0574272911192155
0.181446443292843	-0.0402158474877084
0.157169272000064	-0.0713114438415349
0.0795294943039658	-0.0552639329469035
0.00223290211809699	0.0695308846216659
-0.0227446708999165	0.0563370912312562
-0.161217391591390	0.0516265600353134
-0.139141129348743	0.00722954069989506
-0.0795648333298043	-0.0513728989203837
0.101005022776727	-0.0483913352664132
-0.143204183368998	-0.00613154368727787
0.149282660009270	-0.0445550208716311
-0.111638558857911	-0.0693539228986245
-0.0937896424304289	-0.0585733317143397
0.0657553069473980	0.0617566665731886
-0.174501786670810	0.00143358278701621
-0.0381744971265777	-0.0665869510802518
-0.0488679647050135	0.0183258206394645
0.210335688701783	0.0100528985547405
0.0886525722999622	-0.0727150391221478
-0.00838451765657379	-0.0614993437770166
-0.164199722227307	-0.0746231499522305
-0.0940204786763057	0.0614273172081912
-0.136841706250701	0.0638216778018946
-0.0982554045702192	-0.00431942153207679
0.0694579744349382	0.0603615998125794
-0.0165784689401807	0.0536247878302153
0.0956331694775986	0.0636508379943828
-0.167057306841491	0.0106603543749584
-0.116043512742511	0.00620928033257901
-0.116513726241950	-0.0562786470447899
-0.0340724276016156	0.0599467655855476
-0.118835953381377	-0.00471311879340904
0.0361693021895863	-0.0472405421270290
0.0381717232414526	-0.0522794206546655
0.0221834333355714	0.0534444113900760
-0.0201839862010378	-0.0669795873307160
0.0281396726003797	0.0107981072477935
-0.0316768800224449	-0.00673259008237321
0.0154300603746038	-0.0611765726691123
0.110205917125019	0.000848161896801188
0.0653387741125623	0.0568654589879567
-0.107942335909373	-0.000980887423160674
0.190611817954226	-0.0497350472452437
-0.0732237545451848	-0.0436186003508794
0.0605694172759722	-0.0684487433081563
-0.165375264664196	-0.0651107973406068
-0.142500095252206	0.0557555063942423
0.215421701979409	0.0162304541207300
-0.0527152602619005	-0.0564961630532565
0.0452651914569790	0.0181721462976567
0.151426708166869	-0.0126807857882846
-0.0381363182077367	-0.00880822393649154
-0.0194115486850172	-0.0205084011971113
0.0761873249706142	-0.00404799374627928
0.119586714362406	-0.0686936947811388
-0.0827464544677854	-0.0493241582811577
-0.0871197377755544	-0.0646401777218848
-0.0119171429232813	0.0676966763717359
-0.196354768600897	0.0523691612542639
-0.112285881212083	0.0469691789128876
-0.00368110993459111	-0.00287681606676173
-0.167345919737020	-0.0229755377583150
-0.0659923411891499	-0.0636851235229661
0.0268520123718900	0.0497374586278104
0.0418084059764976	0.00580408586389478
-0.132165701461034	-0.0145730461303213
0.0533339734435896	-0.0531356158902821
0.166278423149335	-0.0129641846574958
-0.0214455580403051	-0.0703849782494986
-0.000495385296607873	0.0526700635874885
0.0756931922103756	-0.00718680659794890
-0.126139162252663	0.0571481865166977
0.179107680903799	0.00311166791756719
-0.105578151067113	-0.0297027753685193
-0.0671675688181504	-0.0501985500039126
-0.0575338743840616	0.0515274043380239
0.0795402411919090	-0.0645699108314129
0.143505576833665	0.0659874705829638
0.192164896699272	0.0479686776570758
0.0279009547565758	-0.00864625366907468
-0.0298961033902865	-0.0136519963099900
-0.0850319111164875	-0.0629095971541393
-0.0977488580402942	-0.0619696985272977
0.0961471037886207	0.0837531698100840
-0.149983409692536	0.0592752552897383
-0.163893693308083	0.0543120338462146
0.0383116399917156	2.33925797113598e-05
0.112215367537102	0.0679251730228346
-0.0931625843841929	0.0431273478307559
0.134750866112216	-0.00131252618773679
-0.125487817110830	-0.0614938438560294
0.156661329956504	0.0691433427481250
-0.0626197739635488	0.0512958249551004
-0.0761311057230929	0.0739876007745440
-0.0748192508414957	-0.0612848126365642
0.0884975010052165	0.00998937313605814
-0.104217239872340	0.0128785927170853
0.101852381820816	0.000228760544731205
0.113929542154264	-0.0719302697706031
0.0101220245161393	-0.0571457201246612
0.0504985108780543	-0.0735116848505335
0.0336427608751114	0.0577090764545086
0.0486525189816812	0.0260616456234467
0.0225778210734993	0.0199359765999675
-0.149695893688701	0.0708084716335813
-0.102822202550544	-0.0579207631360058
-0.145924997323977	0.0178597725375060
-0.0346268148448022	0.00325110649560295
0.172076827238483	-0.0786545158393566
-0.157875814828160	-0.0134825434811410
-0.0261912346274551	-0.0520647390776216
-0.0159468173124375	0.00939145021493796
-0.0139878809407647	0.0228369119568934
0.113498659071632	0.0736433652913549
-0.0490962824405104	-0.0606299105904745
-0.127388588786055	0.0463158965396190
0.103713214025494	0.00338688145421855
-0.0899817755023803	-0.00453544894758969
0.00482806049929386	-0.000898099889835400
0.0248123059448513	0.00597902439099077
-0.136677991578742	-0.00202569680137073
-0.0945950713234083	0.0551760488934646
0.106870896811465	0.00462102515299886
0.0385148140696536	-0.0107695456317233
-0.111911177288978	0.0571839986279883
-0.0523057162463257	-0.0692215144499774
-0.0783493846684740	0.0738260682464755
-0.104974304726982	0.00263358434358970
0.0882619758711855	0.0537262844040966
0.0774496119975452	-0.0708334769565782
-0.103782220406622	0.00462212512593008
-0.0237057132516917	-0.00866704163679186
-0.201808379098588	8.46921524186073e-05
0.117738519450657	0.0590254562892673
0.0675315679753705	-0.0619027637258388
-0.126881397774101	-0.0670129416853078
-0.137876130935841	-0.0728381273428784
-0.00506374362762914	0.0650682226837195
0.121461960169633	-0.0664456672877102
-0.0133692975124158	0.0597469300886837
-0.136963329198072	-0.0437157007293410
0.0990855500973128	-0.0487625413842979
0.0674944395733731	0.0542041750698522
0.0741373857338049	0.0208408606110494
-0.116703449792070	0.0705749895493239
0.170271497059907	-0.00421223322670794
0.0959637042348838	0.00879159875216738
-0.165951619012085	0.0537384745535088
-0.0228037178637624	0.0203665220107148
0.0564960854472045	0.0832361296156260
-0.126944039388755	0.0102160010317684
0.102036316245690	-0.0543816721628861
-0.0822564083936044	0.0705219435508745
0.0487799206074097	-0.0572478495345221
-0.121158679099152	0.0599829375438124
0.0450936569818515	-0.0568962127482141
0.0296878801668725	-0.00145288810594330
-0.0230641759872898	0.0351352956284854
0.0317692302809668	-0.00831752486774729
0.0561379328140684	0.0154032608360118
0.0188102679335654	0.0688093325822928
-0.152695765608357	-0.0778038189549305
0.0353752292881150	-0.0401853246275088
-0.0203271120823049	-0.0659107579071941
-0.165262969763776	-0.0875863498775187
-0.0853488486899737	-0.0607906421093526
-0.0334333627234224	0.0436319088937281
0.0908952959696654	-0.0637325588462680
0.0389810186950482	-0.0500640221387709
-0.0402677425754351	0.0170550845625689
-0.0595736412270729	-0.00491006933559255
0.212815165206579	0.00503069490837336
0.0648191399110372	-0.0588298097727620
-0.162679279993959	0.0657950272397338
0.131645140843816	0.00602708924856667
0.121662121812346	-0.0655794947805192
0.00688786224229927	0.0659031425209656
-0.130429126702209	-0.0758668709989896
-0.0258202773651094	-0.00235721522042608
-0.0410833188893325	-0.0834801226518765
0.141678942542965	0.00725394211260748
0.0457580139371678	-0.0605439787642756
0.0937863706338208	0.00258092533114780
0.0252463107073510	-0.0603992981120812
0.0990317201787622	0.0577171530482917
-0.126246439826516	-0.0591007848157515
-0.169807037913998	0.0118627180051672
0.108777447400292	0.0736025321999216
-0.101764990636821	0.0594822166552785
-0.153451600763274	-0.0699955064628334
-0.0804017045710404	-0.00477899921290343
0.121376722133871	0.0637981844439928
-0.138590744147548	-0.00340674977792369
0.0527846488134601	0.0731583889933252
0.0985059812412368	-0.0626894681793839
-0.145802486359684	0.00697282375570607
0.0369656592615102	-0.0805762780662399
-0.0103819158633120	0.0526022663890260
-0.0332545597048624	0.0578494491288488
-0.0320629356152244	0.0703226168882837
0.154512888519384	0.0566379640111904
0.135196916228173	0.0687429185707411
-0.213387025090571	-0.0621967379163829
-0.139213948916737	-0.0698964005061550
-0.133839718816573	-0.0640316142320074
-0.101166884674881	0.0638411680654365
0.114610225921692	-0.0637306583922733
0.116174194884122	0.0575547246753982
0.0941270949487715	0.00613856554460029
-0.000743640854797361	-0.0594645259914579
0.0799402916866531	-0.00535467434555854
-0.00290189444681206	-0.0534353190870045
0.127489245948945	-0.00446547571269241
-0.0733650025013014	-0.0590710021516827
-0.0500839797462894	0.0623355289481893
0.120533545667066	-0.000664244529156987
0.0821287106996416	-0.0779668498604075
-0.0443375966431626	-0.0670079002191562
-0.0283980535893700	0.0863703325545913
0.114045261447966	0.0502861200789077
0.158170675970938	-0.0628441979712361
0.0960983548801909	-0.0605720195479304
0.110985405038113	0.00900666119266253
0.0523984642722175	0.0656190776796416
-1.49138332675287e-05	-0.0607792284450497
0.0524390935651217	0.0751136094307008
-0.0196435954826328	0.0486954000659724
-0.121773810141639	0.0630820900845226
-0.0637682834181316	0.0595365563158358
-0.0506310617804767	-0.0717582019964095
0.0318294840935692	0.0556173875451719
-0.0178514911827590	0.0660525602174261
-0.0308328908697975	0.0540847452148286
0.0409076984949328	0.0598983852961061
0.0250551845336735	0.0609290408965452
0.151467850874283	0.0700208333866756
-0.151399358657909	-0.0495962407354293
-0.0661953540965229	-0.0711023850386251
0.0400969749086271	0.0655406831038775
-0.0489856835324631	-0.0559897854333356
-0.0321102125833137	-0.0513417845680282
-0.0417371968618828	0.0104692180566840
0.0342568359428715	-0.0761304962810183
-0.00901219841676564	-0.00669064596504786
-0.105589153507089	-0.0148930966064419
-0.164432785087422	-0.0610878452263238
0.211280813162129	0.00510511303749806
-0.0822517781189647	-0.0194252393725310
-0.0986372453466495	-0.0575626121595131
0.0146978410978567	0.0546791931955018
0.124584783588560	0.00624639869805423
-0.136614074889902	0.0477183187529694
0.0476783932305000	-0.00470417969951486
-0.164128630133995	0.0658368103761203
-0.0518257868156250	-0.0719389208238458
0.127482621828481	0.0603750207237197
0.0628170888058518	-0.00466129972687073
0.0363820433987820	-0.00281430702692758
-0.174443972893277	-0.0187125815666744
-0.0266208802230620	-0.0549774485771511
-0.0515454743365972	-0.0813281023608181
0.0551925201811520	0.0681851060191899
-0.163554232989324	0.0744487028920999
-0.0403946638274174	0.0436967757779903
-0.0512952543006480	0.0615760031159511
-0.143396842958259	0.0634327490337027
0.0654017741853919	-0.000431060093346286
0.00125053153628101	0.0588127332520503
-0.0160388208254286	0.0707322056306494
0.0341584440712660	-0.0670905044426522
-0.0864225210900140	-0.0402897560590882
-0.00552460535367234	-0.0112990935273012
0.0461928280409881	-0.00527981698702930
-0.0955690557976181	0.00893227084485440
0.0316275596262358	0.00583819890661189
-0.203106236773496	0.0591096780831941
0.0208352952135050	0.0481074881877021
0.156873698686379	0.0582234564321837
-0.0522992726982490	-0.0617334119895993
0.0571124412186225	0.00280229414708985
0.0521909852542272	-0.00437009894956547
0.180469452202203	0.0712581061024213
0.0220879573194869	0.0568147134262900
0.175361705653295	0.0126066215895520
-0.0540740717999594	-0.0739978665389127
-0.0986597806519814	-0.0670735879802724
0.0580824806641735	0.0616255148313835
0.0286962405501745	0.0588717466726541
-0.143837214076999	0.0589040518583169
-0.0940418159239453	-0.00322350536039067
0.155211737427538	-0.00681849833143457
0.153762772053062	-0.0403881744915598
0.0744570781217523	0.0826369596822021
0.0296173668536626	0.00518728297799124
0.125122310634592	-0.00941281349750535
0.0319671919361579	-0.0676843071104555
-0.0758389964174159	-0.0520408176988034
0.0366277854232740	-0.00173436081082061
0.151514039378105	-0.0610510934815872
0.192708561230991	0.0574790974737091
-0.151289479608873	0.0547225800385181
0.0594591587709914	-0.0526867402592407
0.0348414165395564	0.0628820306784452
-0.0477852602651539	0.0605468520932438
-0.0468632743350386	-0.0802795537399071
-4.41786769089743e-05	-0.00583180227839822
0.0344700275101262	0.0681589119268024
0.0573087000514679	0.0722527594759266
-0.00635763823593308	0.0709073472191816
0.0257244136162839	-0.0818313111240297
0.155029867151939	0.0666093554040969
-0.120034116847138	-0.0733843444971861
-0.0885225621547048	-0.000504024199841468
0.00610670073191431	0.0608406212872026
-0.135966044182735	-0.0670446990132318
-0.00304787378227778	0.0717550621269740
0.0204856675645351	-0.0525975587098382
-0.131293505665251	0.0671628747707240
-0.130293907081237	0.0734316435750240
-0.0183242398474706	0.0194794171480150
0.0424728090938994	0.00503328773970928
-0.132017832735541	-0.0659988481637642
0.0510205991711750	0.00372146076644844
-0.0769867686017901	-0.00744611629025987
-0.0862396487782941	0.0472455708270271
0.155730523319202	0.0679335515668003
0.233998176649319	0.0773734993750736
-0.171540340858923	0.0694244929273604
0.0811262780448093	-0.0742100585889238
-0.162905304640800	0.0553658889890492
-0.141928025040806	-0.0688503948474968
-0.0206139506225408	-0.00231111422683862
0.00725331270278026	-0.0695564420081741
0.224012737690008	-0.0428074297076374
0.143853645674259	0.0708735374644665
0.121175705234071	-0.0647295373959059
-0.0465405752198525	0.0722224655917158
-0.139432646824968	-0.00229939615770892
0.0707118616558619	0.0711142890763462
-0.0205265284047616	0.0551779900880089
-0.0692545403634812	0.0517272570397116
0.0421907241693775	0.0175492646609031
-0.0727576024111065	0.0685269170183846
-0.195802270975495	-0.0129727446655265
0.106363043693831	0.0627138744423530
0.119086230586039	-0.00454830408784236
-0.00959302492216482	0.0726499743304292
0.151903638457100	0.0199392372282871
0.0225651582012139	0.0887800078503912
-0.221872344213109	-0.0103215247173196
-0.0941776877204362	0.0592020200605517
0.0109999575347747	-0.0677671105395943
-0.0242098010406286	0.0623033823991541
0.132137167482538	-0.0669431485801362
0.000377262631811591	-0.00202852507242984
0.0710940652663123	0.0670970801089346
-0.0760519323377361	0.0702485151226373
-0.161653307227388	-0.0803435856333641
0.113967662146329	-0.0591578540829701
0.0902317095248718	-0.0641617715019291
-0.0343547490215643	-0.0700754002678339
-0.140727078681365	0.0567395562668771
0.0725281928850516	0.00171811273191510
0.0675633007779261	0.0537568284402613
-0.0411278394878509	0.0634469058106384
-0.0260147785570645	0.0540302784531495
-0.163788444099461	-0.0753015525702311
0.180624916714522	-0.0475638746375819
0.0175476920576480	-0.0719228118601033
0.0754059870653709	0.00609685932017640
-0.0943336117158689	0.0565628486570126
-0.0657542108275319	-0.0559907409401975
0.131230322739151	0.0540273111248070
0.0626243778156497	0.0579424639464769
0.0847270757622402	-0.0615957042291400
0.0390218979180177	-0.00466355243467440
-0.149174915425618	0.0604652097632589
-0.0690661496402492	-0.0493198006833780
-0.102060619071934	0.00398303578606985
0.0519077568246929	-0.0771598579841884
0.00328693419638439	0.00531354557762318
0.105469533885773	0.00291961424520537
-0.116600036987478	0.0698312458920351
0.0410537306695009	0.0684923434512050
0.0409163642552567	-0.00324520460848380
0.0873430051176191	-0.0616878315291360
0.141130695110763	0.00406836968730804
-0.0981285351117659	-0.0603680842403289
0.00408942664709218	-0.00782313350019873
0.105892857083050	-0.0527724093730780
-0.117574508711675	-0.000217127031198386
-0.0643669582450356	-0.0737094828779802
0.0430746739294000	0.0107431868102977
0.0937792490612368	0.00371584086328469
-0.100217722122998	0.0656321616870249
0.0899814188995766	-0.00183208480369548
-0.0211938140174165	0.00858971518902730
0.130060124375198	0.0634162538844156
0.0553444887261712	0.0111540984890340
-0.00957118525772730	-0.0772860367948329
-0.0571667290503406	-0.0649974739377379
0.0603922706613972	-0.0631827322339605
-0.0635638700279070	0.00188915560460505
0.0371939857332664	-0.0719832831044057
-0.110963616332466	-0.0609236661068971
0.0836530787565539	0.0776932767191011
-0.0748840293362471	0.0410536774676016
0.0257427703240266	-0.0475812821517578
0.134944822234830	0.0576790195191509
-0.0829722616120867	-0.0153187824036202
-0.0233731509437951	-0.0701338186405978
0.0476266741594839	-0.0737262554633889
-0.192361472330033	0.0445274418361246
0.0694144881202015	-0.0135738481303197
0.0388657682067457	-0.0508783818759613
-0.119982539063245	0.0173072289725274
-0.108224620162238	-0.0513477851886465
-0.0432888674936573	-0.0534668021744564
-0.0607876262866715	0.0725381116705191
-0.0534076346350102	-0.0552359202018958
-0.186668431573688	-0.0114361962984330
-0.0429732117395836	-0.0129523885254749
0.0996161852593213	-0.0523977477485317
0.0751387228069008	0.0693135234921141
-0.00185108496143730	-0.0568675319153932
0.0383636450307093	-0.0783473382008285
0.0534183600198893	-0.0665651410515602
-0.0713278776685708	0.0591695666602052
0.0869136854291524	-0.0552369473619583
-0.00470605229672670	-0.0565414373062772
-0.00606229038369561	-0.0534044161801831
-0.144824531276699	-0.0681886181874334
0.105632644289498	0.0799483107250559
-0.118437779960751	0.0593908290653617
-0.0450802174247790	0.0453310802845235
0.0276111885204586	0.0560027744732765
0.119606979353488	-0.0430571700819975
0.176379486319363	0.0701342329551420
0.0269734437562354	0.0584441732542413
0.0212614931662517	0.0473651808271643
-0.0737268041330450	0.0506840329117861
0.255025430827318	0.00918066881220240
0.206795219481711	0.0202692755833663
0.00957172557718758	-0.0464166848111129
0.118788109512740	0.0660323991048193
0.0642868474165322	-0.0545191715145316
-0.0516128433033991	-0.0129224042909371
-0.0625103023869231	-0.0583300724614228
-0.0948222772381907	0.0684500068509979
-0.0840669941934840	0.0582924246486317
-0.125009114206073	0.0638619035079104
-0.0673150925850755	0.00658869379197403
-0.0585728363494920	0.0500936674920645
0.102093191401485	0.0208150965419708
0.0149668677426524	-0.0916955815810533
-0.0928956398177531	0.0492193636666631
-0.101700959003147	0.0634746600535438
-0.165923106400220	0.0521085093592182
0.125606695024904	0.00251094786900829
0.00189564059156257	0.0610746351815545
0.0178786751728313	-0.00734343984264447
-0.0271326044523312	-0.0163684663475165
0.00733693657220668	0.0695239319109925
-0.112726372141756	-0.0668143535406177
0.118926346919804	0.00547290706505299
-0.0517309961725274	-0.00602625947061594
-0.0345698210153176	-0.0628237040290548
0.0805124842019342	-0.0534597216620849
0.0791789025807848	-0.0597977927808039
0.135339756805827	0.0184524679632585
-0.00120305163858907	0.0535896770459111
0.0746111422850096	0.0544229219498154
-0.122682313186652	-0.0471658407781678
-0.127569089446968	-0.0493110346592695
-0.0745091701078922	0.00832863286179185
0.0361551142709369	-0.0661116383739756
-0.142697501907133	-0.0568555853622120
-0.115180095167498	-0.0166091864253825
-0.0360515295671803	-0.00362638291656264
-0.105661877417250	-0.00992765190930644
0.122124819336375	-0.0628777834562973
0.0475613591684446	-0.0444806459828072
-0.0326931312731837	0.0468563117950355
0.103824270257245	0.00668818396385840
-0.0272318511122373	-0.0634486563918980
0.0534162421459286	-0.0576783490256008
-0.131060824492276	-0.0706402820508272
0.218522943046276	0.0678324594816543
0.0432626740655449	-0.0574045811907161
0.0663185746105078	-0.0616944429063020
-0.0408554563200701	-0.0588496750475835
-0.0791086226484289	0.00557373869644903
-0.0971881835307315	0.0639297132025383
-0.0959190037754336	0.0230548933305690
-0.139120200439605	-0.00549803805438888
0.166229750439858	-0.0629566784719506
0.0943942310530875	-0.0506119365758560
0.0937531430213768	-0.0730713105217114
0.199882434579195	0.0611706458543857
0.0423867126959129	-0.0177218960166386
0.159854578543050	0.0594496567553131
-0.0570727002101200	0.0606816288134600
-0.0846591789349925	0.0616854091632184
0.0609861082906278	-0.00747120806626391
0.0699153409113525	0.00672851334425402
0.100426857167483	0.0639669933580872
-0.0505593477544127	0.000657675096222921
0.154328432233358	-0.0651389699272025
-0.0679057441872984	-0.0496679375978609
-0.123785036054081	0.0522943797699714
-0.0433675361424710	0.00103888890895090
-0.0250517385573577	0.0566926445653281
0.237589678117370	-0.0451358546878206
-0.0754001701421402	0.0588634988472510
-0.0448597398527119	0.00472254326938270
-0.0527775102829986	-0.00451790174415593
0.0517646601458558	-0.0691608737238948
-0.223648209327506	0.0627071966487576
-0.134000633212676	0.00614781181888766
-0.0485292070104261	0.0509524238881418
0.134549566994959	0.0530264134609364
-0.0297682497713078	0.00267031692497440
-0.0383855065530040	-0.0630788560371263
0.0304069148786875	0.0586245093496097
0.111432002467857	-0.0708045770320672
-0.0529939848531038	-0.0405076396289287
0.0506627676450775	0.0637956396129277
0.0433184730745042	0.00731655997229885
-0.162615482587314	0.0135786051835797
0.0638244665845897	-0.0331215631940142
-0.0180142619323124	0.0609903541067732
-0.0793671178844835	0.0625113592073359
-0.0156365623252808	0.0875081680557127
-0.115238110251344	0.0689715245192096
-0.00683481457449542	-0.00413906352409406
-0.0746070636824778	-0.0750135628177515
0.116892677715269	-0.00820028780404509
0.234975018971847	-0.0489847838640783
-0.0162064847230826	-0.00663509899874314
0.162243607202007	-0.0730278111992548
-0.196111405709033	0.0628854205065220
0.129478467231120	-0.0584671309807387
0.0610432432057266	0.0519927815289220