-0.153823244827451	-0.0144472552776187
0.152452970789257	0.0915164532047776
0.164038889769621	0.0844989096112307
-0.0800134081169522	-0.0440750281436097
0.0441995987540152	0.0822746136088434
0.000540126587764457	-0.0578594870668402
-0.162700708131143	-0.0598297947533610
0.153292165141978	0.0497007895386308
-0.0924720735145664	-0.0479832692251640
-0.0700184376219426	-0.0516746661827287
0.126774671739765	0.0701134402292301
-0.140827051143548	-0.0619908112222660
-0.135464660653558	-0.0448168987048680
0.149819421509539	-0.0721689483417747
-0.0926778665517645	-0.0689426269192953
0.0141877527747008	-0.0278156226019356
-0.00720843044955388	0.0805595845358349
-0.113814220574317	-0.0523096020016004
0.116672797552597	0.0787211847873256
0.108800378184186	-0.0334145482208466
-0.00366292369795353	0.0961917583870368
0.135740050548816	0.0789805154696868
0.00760591965997375	-0.0272990034413010
0.0211870720935835	-0.00676904185909512
-0.126161239184094	0.0849891615898674
-0.106011840720886	-0.0488562970767941
0.0505527681078830	-0.0551654332359088
0.0869077894202068	-0.0350496292884461
-0.104727586573663	-0.0242521898260176
-0.148449536257285	0.0807858192864661
-0.0253911970548167	-0.00384490426267980
-0.132773266551001	-0.0203505494852665
-0.0375686035303083	-0.0584626008668377
0.0822282250386834	-0.0675040620601618
-0.0611652972874487	-0.0179263725391730
0.196071716954197	0.0569027620837445
-0.0997868612118535	0.0791957562262274
0.0958760387949191	-0.0117921431867725
-0.134788217017197	-0.0301833003864568
0.104353154322774	-0.0727513092909528
-0.0379100046059623	0.0664527460322480
0.100727867558647	-0.0251546040772990
-0.0348565830035617	-0.0612775974808655
-0.0309213872711964	0.0895827896165620
0.162163349117497	0.0775087272094427
-0.120696535974206	-0.0252491098830874
-0.148006040503533	-0.0286670697445757
0.168349124593007	-0.0619095793673631
-0.0586865840719472	-0.0231113094686169
-0.0105628526464776	-0.00835334207876212
-0.00409563496803455	-0.0241556946874577
-0.0461940276679675	0.0760898410814733
0.00943843782840027	-0.0753412246018117
-0.0274342482372753	0.0747397709714109
0.0124789373937658	0.0756013231255107
-0.0528331961617681	-0.0587282275760252
-0.0743839720452379	-0.0533020455892896
0.00918277790879807	-0.0541316902546422
-0.0446280448417357	-0.0500716704119563
-0.102764899212285	-0.0512423443239865
0.0446223900778369	-0.0535344382029875
0.0168937616504909	-0.0591316202189590
-0.0735781544590062	-0.00403003085408044
0.163536737023532	0.0507482684820980
-0.166852920383980	-0.0697235485608720
-0.00803972208149301	-0.0137505208684316
-0.166995603032563	0.0784801769639763
-0.155383241178457	-0.0461673987345058
0.0318151419254903	0.0506771419621966
0.0791645018103011	-0.0733237253332930
0.0460650595715571	-0.0594995421511838
0.0880061127463089	0.0783508549234052
-0.178500843407566	-0.0634030221497626
0.153427335820379	-0.0426222977931884
0.0495684649680560	0.0715037970619744
-0.0516688769927628	0.00178434862452843
-0.135058323136330	-0.0437367064821261
-0.0321024056835742	-0.0500279341265899
0.0249513097012360	-0.0464449199194569
-0.201484151079311	0.0778660712813405
-0.139372351707081	-0.0609504209558459
0.0248460077193605	-0.0309075257964706
0.181167029328945	-0.0715588701433924
0.171504220520046	-0.0279650995238921
-0.108282518696672	0.0100364213331058
0.0657239165395853	-0.0465644359033703
0.212825845398768	0.0727593874948886
-0.0135768236274381	-0.0679788990966112
0.0941921891943314	0.0886629224232012
0.0253112996906786	0.0678488434464825
-0.0589562212931571	-0.0275901486936753
0.00101837687216223	-0.0279398312339393
0.0615948197027595	-0.0704577959457159
-0.157050387890823	-0.0252307851246177
0.0210038687613000	-0.00391325042464946
-0.143254459244259	-0.00754268982829606
-0.109935499033828	-0.0451555444991402
0.0179997401250587	-0.0406165863860485
-0.0519473544513630	-0.0466743952632759
-0.142042468933037	-0.0469646024537774
0.0894974076534102	-0.0291556661847139
0.0243494665619779	-0.00346503431301759
-0.145061351926070	-0.0198708293833191
0.0124341240104384	-0.0151334938720295
0.168730002480384	-0.0304012520797379
-0.181359887262359	-0.0679908878344100
-0.170766428670426	-0.00865257515491518
0.190082438844396	-0.0532712419528927
-0.133771607153234	0.0780844766001214
0.151191819606990	0.0829483001633928
-0.0712361972243508	-0.0562245772452418
0.0195631912051890	-0.0197387744995496
0.000118670681110760	0.0745804404931117
0.0184019594647905	-0.0514702274166634
0.0975859248666388	0.0947109210464109
0.148108100264476	0.0757492469767730
-0.0656641571429874	0.0779919854735948
0.0694771439917190	-0.0393712203300990
0.0245312131961420	-0.0425439252464129
-0.0368360824771100	-0.0251133844932851
-0.114108548683519	0.0856175066703634
-0.0785477742627269	-0.0605749074278730
0.0650179817447069	-0.0721504582775641
0.0265901374163647	-0.0216391486030270
0.0535964835912901	-0.00396555384317976
0.0476053263243143	0.0815336791615009
-0.0892973332422841	-0.0308571099798367
0.0535430256416695	-0.0533913829476378
0.128402117952208	-0.00625176478221057
0.164362708053392	0.0774056054538203
-0.0448251497819686	0.0818456923672835
0.137580388302437	0.0717644691001078
-0.0359005657974632	0.0632951693195135
0.121055201995089	-0.0284638487557801
-0.130634720155654	0.0885696051255112
0.0906507780041408	-0.0308679463478904
-0.0537618876436346	-0.0754637079562875
-0.0796540148833784	-0.0298380635654827
-0.00519314505917697	-0.0185369327758130
-0.144200592064730	0.0845194057908648
-0.107737637984046	-0.00206727734054545
0.117528982322309	-0.0366240645108341
-0.166027463674246	-0.0621999489207405
-0.0901465412933429	0.0831544056261478
0.0847082809324028	-0.0482681379698544
-0.116939067536379	-0.0411582508734186
-0.0496437727062252	-0.0559430001985268
0.160912520072958	-0.0414826336767489
0.143402786870891	-0.0365378239086524
-0.192419990188280	-0.0249777132956028
-0.110839115113534	-0.0164774838243607
-0.0372706102760487	0.0676134751618335
-0.221023403614414	0.0744397996298939
-0.133569725294577	-0.0550263583347892
-0.0780644475784431	-0.0297021959119636
-0.0439257035378653	0.0728512244600771
0.177211505397882	-0.0504982543932116
0.0876118758460784	-0.0675714704221110
0.0649266167162365	-0.00899673871606611
-0.0373658346520885	0.0927628996334041
-0.0679870041877736	-0.0180447304909798
-0.125322026286805	0.0786490155531127
0.0668368286772268	-0.0224623274163618
-0.184836191253732	-0.0377820281146858
-0.0878598691397854	-0.0684366585681344
0.107849762330535	0.0822037918427725
-0.0136233029663973	-0.0595323534360475
0.154743624771599	0.0595106291519987
0.139438956686173	-0.0372006105619511
-0.137961507361770	-0.0483978813162537
0.0405867944519467	0.0816442344430798
-0.0253954521325420	-0.0634649312846420
-0.163885902896375	-0.0363358961260969
-0.0575715498116108	-0.0198046232844328
0.0490971403914623	-0.0273563475859876
0.111646190554456	-0.0672064483145944
0.0316442418865187	0.0927938991832480
-0.0577179128134357	-0.0620206070169168
-0.0448314051337350	-0.0294763748235362
-0.0636793555408516	-0.0722965882466112
0.147628014840440	-0.0143298337355794
0.119091396159122	-0.0631209073181936
-0.112627905621523	0.0852697499243067
-0.118890490642265	0.102590129250048
-0.0220837194384261	0.0783584504172658
-0.0579529692173336	-0.0121522729711751
0.0326058418820795	-0.0647454497627675
0.0936711574891009	-0.0542642690991311
-0.0632318293800868	0.0930320475890679
-0.139184584936073	-0.0117890152749302
-0.0716200929048920	-0.0342382038992167
0.122885398837299	-0.0320456996090827
-0.0292511200743158	0.0751678479367839
-0.114911913210002	-0.0230114515618188
0.113499834928835	-0.0445959857629957
-0.0176510991546575	-0.0443789569184644
-0.0259544893961258	-0.0314211249870848
0.0903942797113277	0.0542808659964106
-0.0857776611889380	0.0861943109207131
0.0716319886077296	-0.0289781430969909
0.00840209275630882	-0.0395788475732397
0.0409780998911310	-0.0161314149197664
-0.131830366521865	0.0859708938805244
0.0704629906049361	-0.0139137807090215
0.152747312642089	-0.0718095218206582
0.118356117867593	0.0459297657709759
0.0224823518101578	-0.0709609292918755
0.124072587596786	-0.0310359032595858
0.0907841595742557	0.0895616915185521
0.0421493456776948	-0.0780620014234971
-0.0570543552639540	0.0747580151976788
0.116908781513283	-0.0729820631343583
-0.0972465707641513	0.0902634672964132
0.0708768931137350	0.0790576243129421
0.144555051293313	0.0798155514697046
0.120910390054744	-0.0465108419238539
0.197343925888020	0.0613918301575215
0.0245569444051107	-7.18641355447980e-05
0.112763454872360	-0.0135112785463537
0.00444527192553114	-0.0198351255683795
0.0878981521858896	0.0854863920765783
0.0981549583193420	-0.0768709659429591
0.118497498836894	0.0586013996473923
-0.0956172387832368	-0.0334986300304581
0.00344833776119170	0.0754502005827106
-0.0184499644842053	0.0718139991040660
-0.0660723336911315	-0.0591086763576757
0.116342871221233	-0.0460707735693647
0.0731665858499336	-0.0413974619334215
0.142126204008216	0.0600079899193168
0.124373684393991	-0.0145866358419383
-0.0738115754864837	-0.0603782871442055
0.109180633331827	0.0672169471004989
0.123426680543310	0.0748642973035576
0.150867353842573	0.0724984084798667
0.0389655693011430	0.0612016380597524
-0.176947692974539	-0.0621587926090082
0.101553493734191	-0.0110503007259711
-0.0790521500771881	0.0702906485816025
0.100923095594640	0.0755359161812996
-0.105223240238480	0.0768879205095795
-0.128053648589845	-0.0528040045230451
-0.00389294059837148	0.0621988930845033
0.0119613785351255	0.0630601915660670
-0.0946867708115093	-0.0469967123116366
-0.0873044638571001	0.0758896937897919
-0.137055087453065	-0.00318835623637994
0.107634987261457	0.0685132110573881
0.0853662189276277	-0.0189290225092755
-0.0695764294917004	0.0812492051445713
0.107091501756371	-0.0307938252336836
-0.185559014511032	0.0666452213386421
0.0644523960057302	0.0607878332984874
-0.0994396445213040	-0.0436611173869334
-0.0510330932594236	-0.00810321774559970
0.0812924228315916	-0.0154543956344754
-0.0986386557267027	-0.0507215764353205
-0.0486504612217828	-0.0431811279350545
-0.0266584641496110	-0.0391399229929117
-0.0469397146162529	-0.0554080807955981
-0.0805141869928660	-0.0453084643017764
-0.00628728588553228	-0.0214927879986369
0.167808056432955	0.0727372240234151
-0.175532210986482	-0.0244008937963776
0.0613603825691110	-0.0608798314173979
0.0652165161957178	-0.0290001541300549
0.00189631952695858	0.0955756557050401
0.0590174834195151	-0.0318524949435689
0.142889804073280	0.0865437172913439
0.170345629675418	-0.0363546761011008
-0.0831076796226855	-0.0137387356125323
0.164933614209556	-0.0326845590093515
0.119023711166955	-0.0136087193037420
-0.156288634646167	-0.0291464524033413
-0.161550401059641	-0.0607956807740319
-0.0990165607093896	-0.0293489938780777
-0.0938341740872497	-0.0575933867939270
-0.0693593148559864	-0.0429243286543413
-0.0271203408019906	-0.00833347224501781
0.0433321417051775	-0.0359853929757956
0.109713111133296	0.0630092804304650
-0.0424308284279152	-0.0230059410717054
-0.104159792293333	0.0941362233422920
-0.148771845457169	-0.0116757734309470
-0.0982571289155897	-0.0201720140893230
-0.0120891633028083	-0.0289731146164195
-0.0904221444880782	0.0838071610891074
-0.0133061520686349	-0.0207103411912276
0.0921000845113476	-0.0269273530040262
-0.117775847424760	-0.0286418412871843
0.00993712183423138	-0.0225447749043847
0.0638143395824722	0.0809042220739154
0.173032686706516	-0.0238200388123953
0.0648323399511658	-0.0670145857877705
-0.0121066232070378	-0.0353083150946299
-0.176619445682067	-0.0521327974198330
-0.0489656522402639	-0.0432046394672675
-0.111934184870136	-0.00580148698577489
-0.140271393299016	-0.0549616467536736
0.128426359399683	0.0611579811260699
-0.123018038751195	-0.0214013652746799
-0.0274852375557803	-0.0488146174483082
-0.117524575305577	-0.0639369821770003
-0.150508536961640	-0.0352921001113919
0.146144687399166	0.0932004768522469
0.150762232619881	0.0686568076451019
0.0333966936454233	0.0772146301429718
0.0652064847254642	-0.0160043530883593
0.00615503102683830	-0.0260567782609275
0.117468911632643	0.0630944775957739
-0.0457864323622744	-0.0200938040357140
-0.138226504778786	0.0711705142807807
0.0169774391499853	-0.0424766086613069
0.00321554849554150	-0.0561898506277305
-0.0120224811016264	0.0786717416107947
-0.152419203839695	0.0735989265869860
-0.128596360045261	-0.0243879020574653
0.0260214999346318	-0.0261873182578475
-0.0924908935535518	-0.0167448655956716
-0.105609722316862	0.0658852413100772
-0.0724730956442554	-0.0209747619896547
-0.121473147880603	-0.0514779383316869
0.0839727148563704	-0.0250600384077510
-0.0480585387303156	0.0838744158472137
-0.0438968712985066	-0.0215603647791860
-0.122872308215234	0.0739448555672678
-0.118293506137969	0.0670524980818247
0.143127456592855	-0.0421676922565258
0.00722176170147395	0.0817439888167660
0.188244792383086	-0.0395925418318261
-0.127838060976039	-0.0166880107339015
0.184075319412195	-0.0586373269759344
0.156947945380684	-0.0595786908799858
0.0296906494846722	-0.0259892552861241
-0.0504920476825769	0.0951806144213238
-0.0236213742785885	-0.0543535083882107
0.156499371109868	0.0775209710819948
-0.174898205450887	0.0871386950984443
-0.0702616527693309	-0.0348856612688011
0.00884692359233257	-0.0221214175129311
-0.0418770968687570	-0.0137144068245208
-0.184358923968496	0.0769982411496419
-0.102129578103259	0.0698916505483176
0.143472688994358	-0.0290939033148304
-0.0807007665434868	-0.0596228525641611
-0.0701201980970578	0.0616850908442227
0.0623970676952750	0.0774969216998446
-0.172711560669502	-0.0163927681159777
0.0548476243592060	-0.0531880321663496
-0.0639166851979732	-0.0494729680011963
-0.0691357381126650	-0.0245319154951500
-0.153311499017930	0.0849462367366424
0.115472939991143	0.0837638750011454
0.116055017357547	-0.0511544461935235
-0.00959436234125971	-0.00981327808994915
0.0125917989912115	-0.0312668235308834
0.107360525303049	0.0854361692683936
-0.108970448428346	0.0927710831803603
-0.168145330477176	-0.0665451778693509
-0.00575659342943503	-0.0314657180412758
-0.166978795722949	-0.0315931988317925
-0.162313961363167	0.0898205447307661
-0.138775477995846	-0.0761473141322367
-0.125804660628751	-0.0438402237692615
0.0191033994066923	0.0797086948685861
0.0108150702078135	-0.0330962802283146
-0.144386897655137	0.0870231167191856
-0.160950778748611	-0.0608563670257476
-0.0129785102695948	0.0839989649796305
0.189700073082315	-0.0237368149645657
-0.205072082084918	-0.0194616298603932
-0.171191493123460	0.107674098320147
-0.0163140771989451	-0.0538365763271124
-0.0883343684074484	-0.0529386038097216
0.0886141863088185	-0.0540516018883190
0.138784308646216	0.0647911309425835
0.0335405477687179	-0.0485640454240573
0.0451889423214826	0.102694434002675
-0.0543357974828695	0.00480841567517020
0.0189999638755203	-0.0384389620625960
0.0396090018188078	0.0735242040835471
0.0929213945322901	-0.0658855687244870
-0.0834487613166496	0.0828792197670279
0.138493941360956	-0.0590897413488859
0.148298306652044	0.0558004347189711
0.0460994374297726	-0.0537104343767395
0.131855038944484	0.0769831049963207
0.111365062255901	-0.0524044293786935
-0.102168013313517	0.0843074256563219
-0.0154702374697960	0.0940781394845337
0.0110252329061072	0.0714011822845402
-0.0460835605168304	-0.0510489942802029
0.144151775137451	-0.0653226797006457
-0.127661536210660	-0.0318838315064152
0.0155494994401957	0.0692111252282623
0.132023658055865	0.0702080781721413
-0.0949683039691135	-0.0549702871521442
-0.00679629713699741	-0.0599345698553131
-0.0917012391702172	-0.0408974936254914
0.127341242002899	-0.00858595441518968
-0.116707490078749	-0.0484774273889598
0.116954563206843	-0.0272763404452211
0.134013103037426	0.0765853515904875
-0.101343563515315	-0.0485785056862332
-0.0279909714480779	0.0735000965514527
0.145200412959419	-0.0399585980510920
-0.0461180033229243	-0.0113915084615269
-0.0747142927074110	0.0916026491693710
-0.0154321836631911	0.0811445896722507
0.122374235394035	-0.0339134044852576
0.0923873949650848	-0.0684205665928172
-0.00125111240109209	0.0692112670606662
-0.212665672245511	0.0766487886448822
-0.0775998862890010	0.0906755691571226
0.0786104781372690	-0.0581099712753543
0.141275650875775	-0.0632238504679694
0.139016378902867	-0.0232285565993993
0.139974579678392	-0.0740363907068856
-0.115303797751060	-0.00893697169373104
0.0719217210436170	-0.0523711030153902
0.163753343753561	-0.0382549217657242
-0.112497654472902	-0.00679877135295206
0.0138405799249695	-0.0385059781639989
0.171424580863743	-0.0128814138376871
-0.0839541950841456	-0.0595898715553053
0.118317240041184	0.0633240943509125
-0.153797718312938	0.0772748564329502
-0.0601476584347467	0.0830856470874629
0.101378624930908	0.0734117708583726
-0.148197506453507	-0.0610301429165236
-0.0934143540754513	-0.0397332846622523
0.0769618797051981	-0.0697028347414519
0.0422918972447699	-0.0570200907122714
-0.175880212999565	-0.0225440918610882
-0.146664820232707	-0.0157011468515967
-0.150398717678561	0.0666082259045577
-0.0454943978071657	-0.0488808441036163
-0.142789205691586	-0.0567791906958876
-0.0815455735491877	0.0604718278829859
0.0778168827193511	-0.0156227052246232
0.0683037885762972	-0.0632020601860454
-0.0467158887302217	-0.0285298644033817
-0.0353194574776509	-0.0319584376450119
-0.0604614349961060	-0.0397823588625428
-0.143205511966958	0.0828979425637473
-0.0404020913154130	-0.0227564241381991
-0.177834257554083	-0.0291130151450773
0.00542647029265914	0.0731162604795799
-0.0765485661634359	-0.00933292918877660
0.204421196591931	-0.0338317134657316
0.0853037142283681	-0.0672399961456596
0.0910612499192418	-0.0464657018315587
-0.0902107973758236	-0.0248472913417914
-0.00356644608598948	-0.0464327963356065
-0.000748389508059853	-0.0225072897941682
-0.0772586139749968	0.0672735039825409
0.0482107085575934	-0.0368640819564786
0.0685476389942384	-0.0169157778560138
0.143188230286647	0.0636900588133573
0.179640860773444	-0.0573486082548060
0.00754520584027293	-0.0578450048501221
0.0332805122721002	-0.0678193459296208
-0.0116229827963354	0.0701887758075723
-0.178417058286856	0.0716231272040115
0.124335437349779	-0.0235429720916970
0.133464640603825	-0.0603329848805014
0.121709801514859	-0.0148452180992895
0.0762637815731249	-0.0441579058601805
-0.182369633757442	-0.0299860998117649
-0.0563787266293582	0.0883608533951787
0.109937900970334	0.0742967593167613
0.0703527213173595	0.0717360529341740
-0.0618608858977059	-0.0323506974426607
-0.0508062880165036	-0.0497167713266335
-0.121119594258123	-0.0209124579724537
0.206770510921847	-0.0280943470383159
0.137126651371113	-0.0538115586683068
-0.123159394142007	-0.0197720904210505
0.129760432929760	-0.0609187267567460
-0.0644133528476465	-0.0688677991203836
-0.0440176542821482	0.0760891557108259
-0.140200709963701	0.0842125448599398
0.0650695724903538	-0.0361417918286796
0.0315943385254411	-0.0617898810737863
-0.164816195331613	-0.0223701903858735
-0.0309622607856903	-0.0298454258612998
-0.148211288565992	-0.0456478470811642
-0.104499072594719	0.0825651767077891
0.0787693407314325	-0.0314752608329741
0.141897077515373	0.0760580862370080
-0.0502910547789811	-0.0169177671783321
0.0873173578051337	-0.0568922779752690
0.0819001097524608	0.0744381500321850
0.0539303461437794	-0.0729372592011460
0.0781696753855084	-0.0607435764844114
0.129487678526145	0.0914124150445197
-0.159496333052052	-0.0197526059624560
-0.0736084280726803	-0.0650882797040631
-0.0191676304553388	-0.0486908736133600
-0.107182969319786	-0.0421913215968291
-0.156343035202752	-0.0556331602949445
-0.0368589272235542	-0.0270536616480078
-0.0453188957333195	-0.0518042396739448
0.0655819789670060	-0.0354469531060260
-0.126438471427759	-0.0255697445472700
0.0956028974741967	0.0751927617801995
-0.144246063279034	-0.0134785877302102
-0.0189530311516946	-0.0364216524669771
-0.00758112372439130	-0.0457488578967600
0.0809032733890315	-0.0309410571782317
0.0846443427187077	-0.0211491619007842
-0.123112211427125	0.0928683993300509
0.0761487943527139	-0.0679009104325245
0.112610789770845	-0.0184733225386343
0.118698945935052	0.0586464136701000
-0.0932410224141549	-0.0397812527726981
-0.0261049706464400	-0.0485823343006546
-0.157058644471468	-0.0145597606684927
-0.0195384236868133	-0.0555318267347040
0.00178072461645551	0.0590688221893367
0.0142789047208056	-0.0290390730301216
0.148396615112811	0.0616413156299875
-0.0340116386792092	-0.0675516456300158
0.0573768656531137	-0.0275017708101204
0.0741107855797075	0.0850765918877898
0.0772285805569922	-0.0166680523157541
0.0216840129805991	0.0878329384401434
0.0673366804252915	-0.0265342114793005
0.111898378271732	-0.0335750407654709
-0.0651778855280303	-0.0639470940578579
-0.207713278310855	-0.0308240279877646
-0.0390499058697403	0.0787209826173436
0.0905466509239537	0.0634423202351266
0.147925317500934	0.0761886979465394
-0.0814736383332707	0.0754314524790889
-0.160840778276859	0.0907054767221005
0.0506321407428453	-0.0600664738362935
0.126608028336274	-0.0602983629371564
0.0643236830706845	-0.0309317400643396
-0.102315357264034	-0.0416048379298865
0.0240906543001923	-0.0534265787652443
-0.0570397422794916	-0.0415633723347355
0.160779948324918	-0.0241426100754147
-0.0268053198844962	0.0818237940897045
0.160930475081385	0.0629991629744167
-0.155373565206828	0.0748039979754514
0.185265069877689	-0.0705075755699396
-0.138730996244454	-0.0608401648370363
0.147438222925822	-0.0593299285496380
-0.170091356691564	-0.0223260560905080
0.118423259892145	0.0627944912470905
-0.159784881734594	0.0632607699138582
-0.0162468908388405	0.0864544372913886
-0.154392450436822	0.0860804989745704
0.0367815202420631	-0.0637316629072756
0.0792782019717224	-0.0587533559514001
0.0369057544000973	0.0776715818144301
0.176386099983872	0.0712127950743774
0.0789224554775203	-0.0619939892865842
-0.0925845124322291	0.0716110414079814
-0.0258701615776867	-0.0673030628874961
0.130960089823854	0.0726226376567620
0.0390504463184309	-0.0686434731087982
0.0296388205183341	-0.0238350638774791
0.155967739958567	-0.0573172536163165
0.143260403125394	0.0771971342837351
0.185039574768528	0.0457495439681733
-0.0815766820743257	-0.0309084960694064
0.0821939824642674	0.0757050956949769
-0.0762675749348205	-0.0490304616543565
0.123159760823405	0.0679672351321162
-0.198801217801931	-0.0645913639058671
-0.00281123508058118	-0.0134845242974663
0.0509878776972709	-0.0680968513874777
0.00459569313260517	0.0635516167101637
0.0490971706472680	0.0924540218872349
0.0710348697424373	-0.0365191428742935
-0.00689949043221880	-0.0476500100785115
0.141604621884435	0.0600364124192565
-0.0462364335441413	0.0711813569228528
-0.0310425312304245	-0.0597449076014067
0.119905673047085	-0.0170724862492558
-0.188084599877004	-0.00701748214959536
0.0991856656718450	-0.0236019635639996
-0.0546108639490375	-0.0493796679351327
0.120369928496929	0.0754931188546153
0.124441921461557	-0.0237840188327515
0.0249720378924669	0.0720274850838266
0.141589325633357	-0.0616092420544368
0.0727886085849131	0.0904842369604176
0.00810165074881028	-0.0115898766868242
0.0106902470877936	0.0902543107791677
0.0546459134734978	-0.0603136874025393
-0.146361020526010	-0.0260277018064862
0.104465934628960	0.0847966577301300
0.0940517314421210	0.0720141106311664
-0.0581734515289812	0.0859024941609169
0.110739640678731	-0.0579899851111340
0.0916051978816657	-0.0817453796068529
-0.0484523443499310	0.0907751584082944
-0.207382138750693	0.0838483427144896
-0.0102941581385211	0.0802867517499299
0.0993470911748313	0.0812133058985430
0.0209107511567120	0.0860283786930270
-0.0448451635923314	-0.0390024371426668
0.0603922850941642	0.0669650352333647
0.0912462314129062	-0.0432476669136133
0.0694529859558517	-0.0423448185731009
0.0211622852830584	0.0779184541610507
-0.0686956442702081	0.0692595241628547
0.120514666679436	0.0539204426890430
0.175843343095548	-0.0609692415773462
-0.140078332769412	0.0837389613582279
-0.0196821201011610	-0.0322022464143045
-0.0879439378059617	0.0671131796515985
0.0129917552610667	0.0685881701687302
-0.170928378960432	-0.00531665457983407
0.0356761173535246	-0.0187061424903273
-0.0389626095364032	-0.0240608512641942
-0.0356459782836403	-0.0619627089837186
-0.0575249011093147	-0.00684998263275150
0.0468502754060917	-0.0520055566018369
0.104670175780902	-0.0647079655879052
0.0530016350600838	-0.0592937149259314
-0.0369210779411723	0.0862376000224190
-0.136505854701589	-0.0126481010709228
0.119154290611341	0.0689328560196896
0.00544668796393574	-0.0458289576700292
-0.191931715630341	-0.0117194419932228
-0.0359465068514206	-0.0369293868889918
0.0162991103260841	0.00288592095188683
-0.0110704300388675	-0.0382387281751697
0.0652177807186296	0.0623101009731521
-0.0615536125594180	-0.00729476640204534
0.0652718707494149	-0.0117151330414310
-0.125715369209447	-0.0258887429914183
0.0563877617548636	0.0772368728262468
-0.134365647655780	-0.0453089708224780
-0.0190593457932370	-0.0188821195430458
0.0124679489513357	-0.0355610709849094
-0.0117510136583641	0.0927210512329200
0.00602959355851517	-0.0424027426688970
0.0871703009833128	-0.0186900417438479
-0.0124930069985403	0.0876651727550679
0.0702998250740573	-0.0508127890418019
-0.158687958435807	-0.0252681624046742
0.126651209215727	-0.0147856099431263
-0.0230676694684324	-0.00640370479495515
-0.0222128459355195	-0.0640845830541023
-0.000221709724275025	-0.0409514619985469
-0.0495229890220615	-0.0350181403790648
-0.00888522711723881	-0.00971355924085207
-0.0332241107927420	-0.0288456566238856
0.00901625856108079	-0.0697544363714407
-0.0546332999535200	0.0723183790155610
-0.0489935562794258	0.0714796185046461
0.0532274989143897	-0.0593002232985404
0.0415143303585377	-0.0214953678991888
0.129616919435377	-0.0148527691211471
-0.0766213833057224	0.0928303182483612
0.0557039189094698	0.0795113256415877
-0.0913918938162644	0.0699777946197848
0.177446885699261	0.0767947719296498
0.168459690850354	-0.0407675727286690
0.0763306009870651	0.0925214966278922
0.174771569509314	0.0587781143685115
0.134820197982299	-0.0762757149390600
0.0410428758533946	-0.0219182333623582
0.152869280565763	0.0649234350708259
-0.114324349823434	-0.0210736076275692
0.157861192211373	0.0674279639288177
-0.188020678882432	0.0675599191796899
0.122912504246126	-0.0581460356114672
-0.132605484765997	0.0789709166478703
-0.0971065605954800	-0.0525535478746017
-0.119711276533826	-0.0108940070972951
-0.133083446945310	-0.0252226330044714
0.0359297740125237	0.0802351452678909
0.149544798350785	-0.0510883204937749
-0.141793193842125	0.0636023394548293
-0.0103153911646875	0.103855669995543
-0.163992904908181	-0.0238964621876944
-0.0173983312847103	-0.0223432461418813
-0.111423457183975	-0.0413149481792342
-0.0176702479020718	0.0811749394912814
0.164933254409813	-0.0230363661805439
-0.135974927475748	0.0797247566644918
-0.0442556894065075	-0.0497773302959066
0.0509829754365642	-0.0459606948171146
-0.00445939777006850	0.0725461599011030
0.139416547770503	-0.0470802084032293
-0.106338873722328	0.0885090926108120
0.198539911879414	-0.0687743828813721
-0.0626911836731210	-0.0166816203854197
0.104534838396790	0.0644984246809733
0.133157603644894	0.0830937807838742
-0.0799904459855183	-0.0340169299421860
-0.0211508905208452	0.0864610247372914
0.0865690098880557	-0.0501008717382019
-0.104013920649500	-0.0482417882635433
0.0991118366959364	0.0876431549646163
-0.176954497483833	-0.0264963210679038
0.0414629755994472	-0.00916127097446941
-0.122469382878272	0.0716794021278861
0.121187039320024	0.0680110751472383
-0.145804658122191	-0.0315918273915513
0.0328698451787840	0.0708846793921928
-0.0999967243991378	-0.0508236702312743
0.0910163250119351	0.0674793713138541
-0.0836771355429565	-0.0317838186012209
-0.180021861246093	-0.0274699385250574
0.0798991040430942	-0.0293105164980522
-0.131526248704012	-0.0601824464221422
-0.0580055481332718	-0.0220601188461166
0.0296126192525891	-0.0688875820149859
-0.0887255252390323	-0.0295847628229691
0.0491727421922739	0.0881557594094533
0.181882590100677	0.0801674463477006
-0.0979375814379887	-0.0115979085568776
0.0500722188380212	-0.0246788080089699
0.0988847140743936	0.0550378607114258
-0.149107745811985	0.0831626056066494
0.110497667774288	0.0619296175607614
0.0353211684932812	-0.0412304251497815
-0.0853341581092421	-0.0404958727289433
0.107355035599302	-0.0177933445384076
0.00993077694575746	-0.0386966938038169
-0.0562392960233488	-0.0346539329198143
0.129986702824739	-0.0561184119897267
-0.0823348753498160	-0.0417645356565054
-0.101126703871080	-0.0301897727022435
0.0346235191445281	-0.0506548888506169
0.163066623698570	0.0705337415574063
-0.116395977745722	0.0860369781483931
-0.169141138577401	-0.0537762510510346
-0.0587448465791855	0.0762056560737645
0.0305652940587250	-0.0627861895376303
0.128937272103669	-0.0201598869399226
0.00511405899038060	-0.0466755604654087
0.0763066585118312	-0.0438633725989345
0.103810428369576	-0.0174430631220059
0.0177460963763424	-0.0222324643916239
0.0846239679614785	0.0635487385776763
0.187452214932509	0.0675442849197384
0.0368502957650772	-0.0426181921959309
-0.0218269414056474	-0.0139904503266676
0.0588908073756501	-0.0308676217324326
0.198155526804729	0.0681001638634855
-0.0556816974124716	0.0671325217672767
-0.187005852219879	0.0894528534237709
-0.110945756294113	0.0772082714031066
-0.0290902158276982	-0.0269075578989608
-0.162770567188482	-0.00693855187399839
-0.0846746188990039	-0.0452081721801415
0.00656194464056591	0.0731128558795017
0.190315490230058	0.0833621800791627
0.0577051031891338	0.0759709406086806
0.0190208582155604	-0.0524249335202527
0.0482876546490629	0.0815472879769459
0.0562041017259605	0.0625809399379983
-0.0953575472472129	0.0885718515823940
0.00320326789796076	-0.0363247502903311
0.107026365336901	-0.0651781143021196
0.00269990778815083	0.0772835818489256
-0.0690352608992845	-0.0423055108553437
-0.0115829943678894	-0.0367975481300202
-0.0916041304337575	-0.0209756055932603
-0.0235812595330707	-0.0530263804000328
-0.0229766266057275	-0.0293874627080336
-0.0311881053264355	0.0665351508750995
-0.0761188675212193	-0.0340333975374854
0.105668682373061	-0.0374185848645125
-0.0587756925605190	-0.0406687586107256
-0.173285640413183	0.0896778023469035
0.200821591657440	0.0556085375691788
-0.0409297096102662	-0.0672408175591290
0.0596395074862205	-0.0318229543149292
0.0370919614202684	0.0656583554107846
0.0873842366851199	0.0629977944245449
0.204418953940850	-0.0235724000497122
0.149515487452094	-0.0144566861232534
0.160044659778856	-0.0400355651134030
0.0284217813845110	0.0821282187601547
-0.113513634276246	0.0878139179712799
0.155878169938141	-0.0405917274294319
0.138024895182714	-0.0373383331323726
-0.0629189871059311	-0.0227233649724361
-0.0609761629679977	0.0907299256731795
-0.0101122106571467	-0.0574408510979100
-0.0907810294875983	0.0688417114115641
0.139931442109522	-0.0250534588677485
0.0243162711761795	-0.0104268653523108
0.116549794444526	-0.00714911998999608
-0.0543982681974881	-0.0197323131159713
-0.0812092977134077	-0.0216063887803731
-0.214463540727663	-0.0110368614382475
0.0982553305751111	0.0724296057341644
0.0926578159052316	0.0582095162436109
-0.181940893056414	-0.0184397818993162
0.173315309183508	-0.0450306658036144
-0.169202083380300	-0.0404986126471026
0.0119145648196369	0.0690583449861905
0.126037314184710	-0.0493981053228495
0.0104632459722241	-0.0390465345191236
0.109460321330738	-0.0702912243398847
0.0907997714074992	-0.0456577321277430
-0.185633227255203	0.0801405169686997
0.168759525464502	-0.0517894364273628
-0.0370805897141645	0.0917588096795326
0.0218027984675169	0.0536335789784262
0.121873622943742	0.0675073612676376
-0.122175362749989	-0.00896767235975216
0.0140514461397172	0.0793095329226768
0.0723260348172379	-0.0759817489304355
0.0263406987532183	-0.0509787512664715
0.00934835307985576	-0.0390338160581881
-0.108548884676621	-0.0507578434652912
-0.0139754508866593	-0.0193400001204555
0.00541585924559923	-0.0278620502328471
-0.0308362167389603	-0.0251654834954195
0.0400571328923893	0.00340791613905866
-0.0306452605673432	-0.0577497513819691
0.103893818481237	-0.0571187039103620
-0.0349492127866810	0.0902986694214899
-0.0953107659013098	0.0825066482843478
0.0611952094416733	0.0590224160118157
0.114025889964771	-0.0668318609618699
0.164948771726246	-0.0350984240597826
0.0246502668287408	-0.0620430499502170
-0.126654029295917	-0.0253427583943983
-0.0433642222605834	-0.0519580060435918
0.00464600302277081	0.0801445154400370
-0.000944920586952807	0.0934105737267708
0.0878901139288209	-0.0635909983070990
-0.134540380835805	-0.0356198646803570
-0.0269196376725904	-0.0260193486461837
0.105861398588698	0.0693811772525270
0.125761571378030	0.0719640177740520
-0.0857169131234449	0.0623248535779683
0.0286169814144140	-0.0426116217670863
0.0608780737262785	0.0699885983506559
-0.107663323915446	-0.0201763318993303
-0.111229513149321	-0.0288175023169663
0.0531128166325024	-0.0257674649708291
-0.142033374972464	-0.0786739782380962
-0.0348903965266157	-0.0674546845497628
-0.166536144045414	-0.0533866414740504
0.153937965006015	-0.0254768087547776
0.0293530806810323	-0.0163364938939529
-0.149507013057767	0.0809499868052746
0.0579746550314229	-0.0254851887580608
-0.151517901610889	-0.0452352055495134
0.167934594084885	-0.0577828696221726
0.0886264175921824	-0.0323660151493551
0.00664726631563986	-0.0605790188589831
-0.135991482452027	0.109054333684390
0.0437836098047629	0.0811642603644330
-0.142360746977443	-0.0570334258282043
0.188586811747635	-0.0620415173899437
-0.00886915514797344	0.0945081366470568
0.0513321225227296	-0.0324490911306196
0.0886767496647764	-0.0434338769685702
-0.0147392180772409	-0.0534213230540135
-0.101387787812299	0.0440187644981199
-0.0274836494921867	0.0783358353235630
0.0629316933272553	0.0826944130367747
-0.0830766411702620	-0.0274142386129331
-0.112616449188499	-0.0128046179439760
-0.109262082536234	0.00273573722474510
-0.0506564071530730	-0.0345974937820822
0.143131996719439	-0.0397385149435034
0.0766592010381857	0.0712398790195455
0.102918484725127	-0.0444828658284700
0.0451984836516451	0.0598539638947231
-0.107425765369359	0.0679317188334409
0.164980526255718	0.0809406246956247
0.117329415418218	-0.0275682604998443
0.0445798453346065	-0.0326930303913817
-0.126391110025851	0.0688078512076550
0.128344696949185	0.0756342870590403
-0.108553034203198	0.0763667238907137
0.0281865987500021	-0.0336137486792705
-0.179731092733764	-0.0583292298678962
0.0308171987311479	-0.0358042278053067
0.0384664643888490	-0.0543700354468929
-0.00725202292765759	-0.0136696742852465
-0.0899809728389977	-0.0573847008031395
0.00596346184873256	0.0613985059549058
0.0423689975865518	-0.0144683294926128
0.178593283592825	-0.0477859621351521
-0.0630551404436908	-0.0535397417723212
-0.136756260617172	-0.0163998777998610
-0.0263667339026027	-0.0476832845934660
-0.0435118628654314	0.0631033745408182
0.0147235835141893	-0.0502986024850665
-0.0816069697290077	0.0821683779113487
-0.173278562094100	-0.0562763364282906
-0.131330863384200	-0.0171581953371987
-0.0746102072139160	-0.0163435817798142
-0.0751500946759615	-0.0605614774492197
0.0927854514408104	-0.0417628776805725
-0.0325288406281429	-0.0415901967476819
-0.110656529895814	-0.0640664850863116
-0.100829836075203	0.0620632144667926
0.0367957573651406	-0.0351523665309591
0.150766843912468	-0.0732377165258695
-0.0800519216360766	-0.0105328580637208
0.0208152637453325	-0.0594633650358318
-0.176192016723826	-0.0699304060291716
-0.128544080660606	-0.0145355625189733
-0.0316955001528407	-0.0309931189148674
-0.0650069302513943	-0.0311699115225681
-0.120821026309311	0.0738552463670120
0.0535791640692899	-0.0629917531684161
-0.0922315695073469	-0.0547782063333827
0.143273018967333	0.0808202890901697
0.0690672717810655	-0.0657942179670822
0.122798025505145	-0.0322959440632194
-0.147489113647972	-0.0176648971416403
0.110194747439128	0.0864980046881854
0.130340266430031	-0.0510840552214875
-0.122682154863432	-0.0490833643630141
0.131485223655737	-0.0252959084414341
-0.151674288635513	-0.0565883417082499
0.107439065476157	0.0708409910067561
0.157389802070194	0.0593955021548498
0.154252107285057	-0.0238869253307838
0.149330382209774	-0.0270052674257089
-0.0380588310566291	-0.0535200610292359
0.0860964028510016	0.0696391688930099
0.0768515131533306	-0.0838219628965943
0.0267543569259523	0.0863131302033375
0.141576906849739	0.0713241614635482
0.121262403249491	-0.0499010313273665
0.0681727138092565	-0.0245402939631863
0.0614538835565440	-0.0649217885234150
0.000976627600315495	0.100124615172462
-0.159839303418619	-0.00974884288675542
0.0159255177931505	-0.0467253761293665
-0.121026606775632	-0.0557333259276262
0.132248509416674	-0.0764636558151464
0.0530545942909608	0.0741925842791774
0.0618776974948000	-0.0574149856117154
-0.127979326217322	-0.0697892032511531
0.146107324745551	0.0751478339206404
0.0218187095442908	0.0752515055694257
-0.0604640971274636	-0.0621669774847356
0.167561650501520	-0.0164317857265570
-0.148686642762247	-0.0188230307115875
-0.0323588476996626	-0.0188631281704341
-0.0770685640485695	-0.0351490734250383
-0.103506070164546	-0.0277418847916459
-0.0484608261967685	0.0829858439218368
-0.147660984227589	-0.0477973798353231
-0.0211048305906481	-0.0179895807786062
-0.169442271486798	0.0857203576966909
0.0920085810276012	-0.0527029272577493
0.0888366075245005	-0.0640051012309981
-0.00596801145951983	-0.0480297723563891
0.134794966970448	0.0676667634525861
0.00966478437181652	0.0942063048165502
-0.0965390757498722	-0.0686672049278651
-0.199653340373066	0.0972521275086948
-0.0574771384544760	-0.0241359448525984
-0.0279320070770538	0.0929993706033442
0.103404492913680	-0.0585281826856906
0.0399226253771497	-0.0263253862107948
-0.141777038952714	-0.0495511157733702
-0.0780989505923927	-0.0186512448087442
-0.102892713441430	0.0745585826672332
0.166813462111124	-0.0595463080659105
0.103328152130478	-0.0731564188114569
0.0751912399309273	-0.0418322958753687
0.180914903513799	0.0863828529802297
-0.114583944984071	0.0794123695604145
0.180667743983540	-0.0481557809579365
0.0941861331024956	0.0523552148086439
-0.0665957840568482	-0.0125991274065665
0.186868569105999	0.0833144912469681
-0.0870988510864556	0.0776509794913496
0.114247024567227	-0.0489928654151987
0.134207888794983	-0.0579353411977710
0.0962970830839239	0.0657302613445722
-0.139302600685236	0.0750619521043433
-0.203426634287680	-0.0198489294694550
0.129150012123022	-0.0333835667385512
-0.0944586368193724	-0.0639863218255777
-0.0400627095047210	0.0670930018154012
-0.0938637102934113	-0.0416153359081589
-0.211953699692910	0.0981902056373114
0.0873838761752783	-0.0232735619702845
0.165085295366657	-0.0590190215230082
0.0236598395290168	0.0595274414517546
0.0478218188025073	-0.0656072729678902
0.0607145386491911	-0.0275705080551570
-0.0101428981771012	-0.0530146739540278
-0.0500459532261643	-0.0180614474134876
-0.168807365274061	-0.0436226585497717
-0.140171049838542	0.0869978723115943
0.0498565875443222	-0.0350760593650334