0.184510754156487	0.0228616131543040
-0.152695548449936	-0.0595159037620944
-0.186839817681710	-0.0866728960733937
0.0679849916605938	0.0207572699202304
-0.0299028526297467	-0.0693659465250983
-0.0556729733298036	0.0815700547601739
0.192862475723558	0.0628887690380563
-0.191043762318981	-0.0726832755046419
0.139208891030959	0.0584157241497940
0.0598083278123717	0.0562795086994041
-0.140013488074140	-0.0721967982531367
0.146827762981220	0.0433461819215120
0.163048134154454	0.0715265948143537
-0.147912670464694	0.0818303032359587
0.0668602551843235	0.0550425600234360
0.0320048812786395	0.00674372838465150
-0.0700728999084277	-0.0727252369407134
0.203887781298480	0.0447483114286723
-0.0760238754958325	-0.0919845974739305
-0.0905441548125949	0.0170268780308736
-0.0604066482238901	-0.0851469450998166
-0.141125628283767	-0.0757325975285628
-0.0362934499852748	0.00912625862473761
-0.0585969999837949	0.0279891565475817
0.153891885345829	-0.0814935301523123
0.146966526931066	0.0595713132934527
-0.0888838929270562	0.0684615395841157
-0.0929185557570914	0.0139735294209117
0.127338754519984	0.0176910083568797
0.225574438349637	-0.0829652130162707
0.0447714044182384	0.00822640466855744
0.102488109681398	0.0227577282248587
0.0696490469369997	0.0554486255809223
-0.0752075806864245	0.0773244972556582
0.0509233603958749	0.0120735025683319
-0.236764986885221	-0.0761087096757743
0.0761199711747147	-0.0904425931937347
-0.147173873794857	0.0366519291246091
0.130402240380002	0.0144942879201703
-0.147841079079145	0.0615592716516434
0.0659722239587521	-0.0832324084167248
-0.124851155292446	0.00189378709918772
-0.0196564805175073	0.0617788232961596
0.0604709831667538	-0.103135483717774
-0.130330821553091	-0.0872366490893179
0.124753538422766	0.00704707108582279
0.139862880990576	0.0193290916177982
-0.240575923692981	0.0511235458731850
0.0516559156050408	0.0127915336443565
-0.000341239791591495	0.0318401075202871
0.0187529787324833	0.0302879921401918
0.0187417817953401	-0.0948417459858800
-0.104025534721899	0.0659691220539406
-0.0145491344279305	-0.0629293389339957
-0.0675735272111890	-0.0933306973641566
0.0265928535980727	0.0536590591229354
0.0777917818020190	0.0625318454845563
0.00396668336011051	0.0833313057689737
0.0179095396317090	0.0668079769105855
0.0599058990545760	0.0549337022435391
-0.0420221484115449	0.0746107367775987
-0.0315697780832000	0.0814960168438490
0.0875380976398330	0.0208533779385752
-0.138670283712740	-0.0663275871088399
0.106452943617005	0.0586530084293110
-0.00215857918144659	0.0218152551492473
0.210093435985262	-0.0833936712839891
0.216356743643302	0.0558278604369501
-0.0503118668122325	-0.0918648815123128
-0.0697195282951162	0.0759252529950113
-0.0602060020421789	0.0723619371893881
-0.100982130125038	-0.0710705041366351
0.288032906422400	0.0484739021636669
-0.139537047307702	0.0205409563004878
-0.0136628219850919	-0.0923920834159179
-0.00685227350550123	0.0189735241215655
0.139871642372401	0.0677788790128523
-0.0292904025044474	0.0807763131819583
-0.0892728537470301	0.0804697003914989
0.280597526283028	-0.0812656819476969
0.0857156835057505	0.0734500591389432
0.0235690864434352	0.00305245947220950
-0.208234371646225	0.0500575907168164
-0.217525719947502	0.0208016606272810
0.104756178984796	0.000981212611319404
-0.106031242448140	0.0455903232231099
-0.249242895035861	-0.0694704647920733
0.0330470534096426	0.0623985779438271
-0.0992914981505983	-0.0970778672171077
0.0279056280932070	-0.0915831566018946
0.0468053080184143	0.0733524341157298
-0.0458549014472336	0.00715108985439423
-0.114278860764414	0.0759202328111461
0.150877434334789	0.00643836119284103
-0.106580139000853	0.0230340010425716
0.130478161813676	0.0270854042785318
0.0615895801460014	0.0766786052321183
0.0216913429404427	0.0608645414404468
0.109363304150992	0.0610384415691285
0.156278550896633	0.0385096052128238
-0.102572373262133	0.0180164114119300
-0.0309545047550748	0.00865386693688847
0.144871731044256	0.0164937546546710
0.0402855970335342	0.0119580738668401
-0.190615348327507	0.0284416642402958
0.173205497766212	0.0576234909307579
0.127478696993526	0.0166008289795331
-0.215771601412254	0.0545283078508602
0.180228131026909	-0.0768656627844158
-0.224367888966527	-0.0792207174012767
0.107216513650644	0.0665893981971663
0.0273676834207489	-0.00234859950904486
0.000463472966412269	-0.0672110147721965
-0.0132684272640533	0.0678553466340525
-0.0817701612841748	-0.0754100370715396
-0.195605953081847	-0.0710363537312726
0.111698006375146	-0.0833003145871917
-0.0394178378554961	0.0261490051047632
-0.0222265316659985	0.0287063200508469
0.0226654340739044	0.0183931807558912
0.166554471249282	-0.0924298804040590
0.0456132363403525	0.0721484211352086
-0.0944136351383001	0.0793477950621974
-0.0777813215255404	0.0200496597771741
-0.0336256552365736	0.0187940658895911
-0.0143213120194522	-0.0921973507100001
0.158848512110122	0.0311109428247643
-0.0615304054039566	0.0785843828452610
-0.187296419765200	0.0179985978930229
-0.173951046649800	-0.0777589504640386
0.0841608569240377	-0.0827701879880610
-0.174688501679133	-0.0673380888530566
0.0721718514190883	-0.0755374222789151
-0.161702245690878	0.0137390713637291
0.232729485626391	-0.0919785496967961
-0.0301814557466270	0.0165230808891251
0.0506908829524421	0.0737109569032229
0.0806842603963662	-0.00460549306532409
-0.0790722403654863	0.0145784550974065
0.131163667978906	-0.0636266842254630
0.114517184578126	0.000143653941508599
-0.0552288487471658	0.0159290871177766
0.223629748853172	0.0548016010526010
0.0906104589092000	-0.0846222832747604
-0.0823990540918122	0.0455670056016334
0.162024821240800	0.0554318519411554
0.0557510801584653	0.0539183985397493
-0.118730602167410	0.0307980976196232
-0.161123416308294	0.0261431298921899
0.196749013796306	-0.00260135989714470
0.120563182642627	0.0231509250489655
0.0361826822110334	-0.0929888023043098
0.291253549133901	-0.0748296827371930
0.0847823221661535	0.0704451634406493
0.111906984946386	0.00183506675121917
0.0745870090181462	-0.0974158530154332
-0.167216801751831	0.0698774164368882
-0.126092231067902	0.0784643991070786
-0.0914625565855238	0.00413590534250535
0.0696675905855242	-0.0850494962054159
0.0502393605141430	0.00565280367594750
0.113540769144774	-0.0703115040075646
-0.0688582306013115	0.0347494586667753
0.213856668320825	0.0648246522437746
-0.0321676625795217	0.0582760050842614
-0.105395466499337	-0.0862485309638771
0.0189434448578062	0.0568037756485535
-0.185112254635502	-0.0754424019140394
-0.146986648448710	0.0174806683571588
0.169606347160847	0.0858465814431752
-0.0109773845876916	-0.0588612564617084
-0.00949611967436729	0.0794055110031993
0.147567348785754	0.00912883549353225
-0.0663879139385542	0.0116734371485767
-0.0577214163027167	0.00294127684089247
-0.0315815087301403	0.0648747913434512
-0.0182961298044117	-0.0868781176558870
0.0288362488576564	0.0642869881316104
0.0493603231365861	0.0674045635177102
0.150871576314813	0.0768502038547000
-0.116950378277121	0.0281020557036529
-0.160457409097592	0.0756558790094680
0.0995100045614339	-0.0733039007374505
0.125011391852134	-0.0853240213943476
-0.00632765059924058	-0.0826292059611746
0.130161296951897	-0.00492193594057132
-0.0863049276713551	0.0701020944728019
-0.158490170863309	0.0479131048629228
0.0888382980297190	-0.0795286234440652
0.127101556036815	0.00562899235592436
0.0205208719336607	0.0105626659854268
-0.144024584741210	0.0105879145383029
0.0621282715431825	-0.0561554836342546
0.110802679253597	0.000881693257351786
-0.0924396114778024	0.0523516977690052
0.0460528921692123	0.0479672119232080
0.00708345097177691	0.0297805417785052
-0.0962737515009048	-0.0850489297973532
0.148287016817668	-0.0876033573014921
-0.0769229570743739	0.0187131008988878
-0.00398405258649589	0.0523591281352165
-0.0756549250755632	0.00834372978291113
0.162513025522093	-0.0792676713752567
-0.0240001932092421	0.0130594416249944
-0.139144427893981	0.0824732861279078
-0.0971787980231512	-0.0841122120150370
0.0662002952063205	0.0611057811200000
-0.0672953135393518	0.0160665889734547
-0.168751101836290	-0.0927633142878259
-0.0207234791534184	0.0775133516370931
0.111606899566522	-0.0746091545880445
-0.123484458897975	0.0651140973296107
0.110392613681609	-0.0776934933275833
-0.0340131903774635	-0.0814371934173420
-0.120181216551677	-0.0691297697836333
-0.128702656506909	0.0244536228544443
-0.331996181331646	-0.0615941631151759
-0.0594681045022044	0.0140899254726327
-0.109906776192637	0.00970991527005955
0.00721374767805465	0.0226518858737314
-0.0323399443621276	-0.0913405237246708
-0.107803674835067	0.0728016338620737
-0.156000020614693	-0.0642985508490626
0.127070572689133	0.0145614682015558
0.0206191244149400	-0.0597835325084851
-0.0733393813415314	-0.0795794398408177
0.109807141347282	0.0614436172167539
-0.0319468619311533	0.0630054497750131
-0.0526895591769460	0.00400108353385239
-0.124464721813717	-0.0806138457260650
-0.174403499178405	0.0163587878486375
0.0348415918665048	0.0574350556652178
-0.0803496387301031	-0.0713704997309057
-0.176912680483056	-0.0706352141135632
-0.151920067775105	-0.0905984514856537
-0.0381581643775342	-0.0891265899640746
0.195807334093359	0.0599854355019075
-0.140689714961452	0.0281241051831533
0.101128080447541	-0.0596319335673638
-0.0993166560139527	-0.0674075025984661
0.129278454290778	-0.0879436376896460
0.137280957619501	0.0562449264461309
0.0240964360416286	-0.0816183384452217
-0.0164649148026083	-0.0614907987843649
0.106897148748371	0.0713486859678545
0.0854131514248838	-0.0860190970191224
0.142482749474469	0.0187938997106968
-0.126508661670398	-0.0896821066551879
-0.0565773098299594	0.0201400102930327
0.0508052896637591	-0.0940835251713732
-0.132050703985878	0.0156181011754935
0.244488561808394	-0.0790242301955807
-0.00318080376932193	-0.0772615278390637
0.158870861237075	0.0500028482592943
0.0204883362225015	0.0134261702124954
-0.0614650475329606	0.0365529210207194
0.0928073371196444	0.0773445378198252
0.00281743985836999	0.0608452040110017
0.0681466517510921	0.0646197947886024
0.0868371182281499	0.0612334253120032
0.103124897783257	0.0627918963748800
0.0280756989091506	0.0228060526539049
-0.204845443395347	-0.0931048208127190
0.214103962533932	0.00568708192004932
-0.110835444362209	0.0730726447773341
-0.0868329110540371	0.0206235945754519
0.0173983292490404	-0.0639848442303088
-0.0718564160237008	0.00959514469529656
-0.115084782001431	-0.0653088578411026
-0.239621193825265	0.0609710631422994
0.137940258191196	0.0147864250141566
-0.177393002423979	0.0191673505997651
-0.156550491735687	0.0218006638974906
0.149224766337621	-0.00517335329646943
0.158664877092761	0.0345385115543668
0.0992214276604675	-0.00984006301605881
0.107225020908675	0.0571653029535638
0.0479778909521566	0.0669873441071655
0.0296189375677389	0.0153824272748263
-0.00985849592281000	0.0143629290792163
-0.0907266727953022	-0.0528572080288254
0.0106710799432317	0.00755809359955339
0.123970807130314	-0.0942327742430909
0.120084762240298	0.0258608552151716
0.0721891049724214	0.0145169029382400
-0.0190631849150113	0.0106260929147498
0.0697917296447847	-0.0850426539450291
-0.0185037439536295	0.0178505374067972
-0.0703072463492698	0.0161901309009262
0.103025756270423	0.00528057778050901
-0.00172488589331000	0.0202966858111142
-0.101077005063110	-0.0820525264154053
-0.147428697807043	0.0307080345028081
-0.116262983293880	0.0711568326668500
0.0241742161534166	0.0752906925636137
0.226045212827946	0.0581208679058440
0.0511732249623076	0.0564569306436968
0.129009853927105	-0.000239464999210718
0.197389746509651	0.0616987136740795
-0.120405188493716	-0.0786091063313117
0.0893047815744661	0.0356726196712084
0.0945092637069141	0.0616494048980252
0.120518711091929	0.0458211489574993
0.166085339870322	0.0698223608951362
-0.136968747913822	-0.0820900508093406
-0.164985636421307	-0.0748208100991180
-0.124184188196601	-0.0534344356967905
-0.0893229243014627	0.0301364732429328
-0.00704740523816338	0.0297939393287414
-0.0757965864798131	-0.0783597282181745
0.0152010139944412	0.0121218967258864
0.113047317400604	-0.0709364809713664
-0.0171724063663522	0.0506281753020723
0.0335842535290452	0.0705877977058834
0.00181321217361497	-0.0742168289387392
0.166825588662087	-0.0777553302609092
0.133089632001657	0.0120265588773544
-0.0687622317296042	0.0167712787527906
0.0761803556463527	-0.00486273057985930
0.176127519237804	-0.0670704217701732
0.0253462998713636	0.0107437391222140
0.133575483246804	0.0727861292898623
-0.143816013229997	0.0177354604025539
0.0417942812281625	-0.0620218802573829
0.0382630913691053	0.0107830297545826
0.121767060773265	-0.0806355429317648
0.142086536207640	-0.0809545426066076
-0.204501951054669	0.0326026360289160
0.0191747170515310	-0.0725996783093553
-0.241411652530724	0.0474943903226876
0.190241334605162	0.0253695989908894
-0.211773557330290	0.0701553017266449
-0.111118411196957	0.0577619820129670
0.00241780328911096	0.0151264300329089
0.0664059660477754	-0.0776147438021758
0.0868187815565841	0.0677659127343965
-0.117238902192812	-0.0655007496001494
0.246037483966251	-0.0853640689514946
-0.00241090110429276	0.0270368990657565
0.0264779163299187	-0.00321868315816683
0.0373427887596908	0.0221516928013137
0.197159088439414	-0.0705836296719036
0.101336896301057	-0.0926403227568579
-0.148530288612482	0.00515861627978281
0.0740021272413276	0.0592373169567240
0.0672092853103491	-0.0666607997856132
-0.0746899196215332	-0.0740753737383874
0.100693578174820	0.0205933167116720
-0.0273875384596173	0.0616491937000050
0.0680644817522032	0.0645658457738964
0.113977635653319	-0.00958422422117127
0.0937578111061783	-0.0985757467957914
-0.139792452256658	-0.0852416108911591
-0.140425170345117	0.0701422471322599
0.0206427800248562	0.00869585070712184
-0.0107915908630323	0.0245732364346662
-0.105621003049302	-0.0712255042855445
0.132762477693177	-0.0768301712317088
0.145809710015993	0.0842978654143424
-0.00872029060943377	0.00620330955934887
0.152665020667746	0.0227896086052229
0.189515331541034	-0.0849283282752385
0.136497385110485	0.0780155312595117
0.155807322416700	0.0583790963852486
0.00233750490970474	-0.102363091231584
-0.0512349823652070	0.0183502675389724
0.127098114778800	-0.0865695590039642
0.134820347008919	0.0645687707408375
0.0265991358326913	-0.0783381962707961
-0.253658779781927	0.0201987628015823
0.311956330874364	-0.00131190976888155
0.153088398851804	-0.107003066421100
0.00377585017139302	0.0559847753374234
0.0957038310169874	0.0776304417027134
-0.0964194055854150	0.0519834434823244
-0.0724736991290711	-0.0834584557579351
-0.0344292123504461	0.0599127920951989
-0.0697476270370740	-0.0891718513357015
0.0800770907074440	0.0142623077638901
-0.0974190210856036	0.0658422479101419
-0.0357720688071224	-0.0644271438196223
-0.0746610534886056	0.0556358771577403
0.108736100746816	-0.0883976111124629
-0.143068232503414	0.0484975196050092
-0.124750536398345	-0.0762798259523904
-0.0338378935127241	0.0588794726311456
-0.120905086966374	-0.0949984119734425
-0.116634857051031	0.0749876555459981
0.0505531117455472	-0.0869682156790430
0.00192151362568540	-0.0816087236110434
-0.0415661070207687	-0.0798968020264826
-0.0366317591053801	0.0488511339166523
-0.142890675190141	0.0578075261964834
0.151760427100062	0.0185953196077945
0.0301040239133849	-0.0820663841888378
-0.118489002227510	-0.0861616476752120
0.0928995918353807	0.0661220279725574
-0.0289366906491537	0.0543751354554833
0.148887247749454	0.0580225142982839
-0.136393658032446	0.00789486932499999
0.0891692002142092	0.0491587423469559
-0.141513606483996	0.0224316657915271
-0.181360195216307	-0.0690043965181617
0.0457326646783789	0.0615710545282400
0.0395438723410282	-0.0706786425706262
-0.165739378305882	0.0767607691572380
0.0980080088893872	-0.00252598627020473
0.0545440684814200	-0.0794190253031016
-0.0219847602368996	-0.0760165167902307
-0.118896476770875	0.00918799147936511
-0.0265917059754870	0.0618632444586523
0.0468439723438854	-0.0736437731817136
0.120080407352835	-0.0874086146976059
0.120933472482080	-0.0680647043154075
-0.0333727137537440	0.0749564603147914
-0.101815993055317	0.0667964899207989
-0.103842182760498	0.0105897649128265
-0.211979895676767	0.0802947403242892
0.174114967053589	0.0178140699175923
-0.114456818938800	0.0675369332432349
-0.193152123858184	0.0169835728469524
0.130365979451927	0.0176113540043881
-0.0601828689239706	0.0351284198985389
-0.142686503369701	0.0231165379432193
0.159987906072856	0.0690618313470136
-0.0992769705761289	-0.0694352011117514
0.173172257150932	-0.0963922714485223
0.0872225814272297	-0.0763700570253870
-0.186738290992557	-0.0856425817970381
0.136095397075314	0.0701866259422003
0.101712729262936	0.0209856281367888
-0.00607858454417046	0.0738665794533268
-0.0478651571097280	0.0618044360811433
0.199258592550321	-0.000161443275091819
0.132601081875192	0.0207640788713603
0.171603357047063	-0.0889979272887433
-0.0159494852752104	0.0786593571849431
0.106377545177451	0.0733262085374133
0.0954735965557619	-0.0763445338393794
-0.135190741964161	0.0229198862478917
-0.0607876163743729	0.0724385015936786
0.109818000801349	-0.00272378255992834
0.0156911553413803	-0.00301920989174606
0.0884039423593157	0.0472137156628911
0.141944176583084	-0.0623993473285912
0.0531661863984214	0.0298350190094072
0.154666031638583	0.0133691391758013
-0.0138742014055689	-0.0910926566846319
0.0745228277575040	0.0100489097397681
-0.226047602813604	0.0266644333404249
-0.126745247050701	0.0616941647674938
-0.118311337048464	0.0742918350981294
0.119502068519625	0.00385876497937181
0.0221547108317610	0.0498220400615777
0.0204392052840470	0.000112432815726834
0.0418782102308032	-0.0816477366528280
-0.0783939061017623	0.0172919164235554
-0.0967852170083797	0.0302092492024789
-0.232130778569290	-0.0842343959062756
-0.194820227965899	0.0520777721070755
0.0181321669673309	0.0687098975692890
-0.0279755838006201	0.0630907521427077
-0.0429547846300944	-0.0744295033831079
0.145962999860530	-0.0589098378209660
-0.0930620534528309	0.0134963945322139
-0.157197657677375	0.0700182146966981
-0.0925924319932225	0.0306178769809405
-0.112765870097355	0.0193097384232241
0.226753289764332	0.00679576144146899
0.0713367094490296	-0.0953814583292826
-0.117500378866018	-0.0759296630411506
-0.0576107259608545	-0.0720423325386075
0.115710415702709	0.0526066659647851
0.0793830994351928	0.0600329951869712
0.0772443282911678	0.0299269760918788
-0.171707157078710	0.00808761428488617
-0.157603588993234	0.0714955520918190
0.116875806635769	0.00674472755368730
-0.133925679152236	0.0656075001403560
0.124710036545557	0.0685306437799760
0.0530263247614724	-0.0495909889769593
0.204031470594219	-0.102020020559683
-0.0116289217671765	0.00951544745070654
-0.0381066371732987	0.0603985263411709
0.146957060319308	0.0167446587386524
0.0240502497435888	0.00368907776891224
0.101943059529442	0.0560711586932394
0.123507393979146	-0.0734578731548775
-0.109581771816670	0.0232340426526216
-0.128889287103908	-0.0886379562452150
0.0730207308018749	0.0200745353138046
-0.0438910839567357	0.0664773979750324
-0.0828738985845567	-0.0740310171840872
-0.0741078684301355	0.0776714041849161
-0.0885661630327554	0.0641603278681978
-0.186719898589218	-0.0887152772569260
0.170780883334941	0.0215894575880240
0.120078409699938	0.0974459307192903
0.0418695208738391	0.0765377878579042
0.0800803437970781	0.0636782576720771
0.134122431069376	0.0588186353730818
0.0160036234654723	0.0158699767732361
0.0776856619493097	0.0594808352188848
-0.102479367551381	0.0272836377408737
0.0718073088129030	0.0137037106364338
-0.141861019553476	-0.0634107047028588
0.169789446855426	-0.000575969516387351
0.0410361356629134	0.0752718273293555
-0.0360546138533585	0.0316894507106859
-0.0856514060340137	0.0295851700363769
-0.127410072573832	0.0112279388281806
0.114365323862110	-0.114690789470796
-0.0912210995902011	0.0914745038970440
-0.163689714370593	0.0143990922736717
-0.163790879804364	-0.0558770622523094
0.105568723416528	0.0459573774710311
0.0527307315437179	0.0656901407911275
0.188762533848764	0.00915922125388542
0.0670078013226546	0.0600372481554106
-0.0206342184204763	-0.0732247331365888
0.0139594146279365	0.0200215322157912
-0.128048320921456	-0.0934546177965852
0.0575833207681261	0.0611835530582609
-0.0552423710678975	0.0188985515782710
-0.116826248222915	-0.0868810265412953
-0.0677305082749551	0.0236883817878534
0.0353065947942042	-0.0806319842594311
-0.0313581877217913	0.0313763622152515
-0.126010457428673	0.0571672747353057
0.117651952036220	0.0653428861904475
0.284862900459002	0.0123667892648184
-0.0284026709073632	-0.0795079681401844
-0.0951802847662176	-0.0822691390376097
-0.0870903248228843	-0.0617661394180041
0.104448628559450	-0.0629328262545328
0.214075053423731	-0.0912634979364776
-0.0395218856163461	0.0767890735629803
-0.148164572947259	0.0657585193326091
0.0600931454417503	0.0154971748859125
0.188830156504791	0.0522551793338594
-0.000503767451995113	0.0613884750708328
0.0845531829489194	0.0244587490571030
-0.226288211830882	0.0303571157256159
0.0356745431554760	-0.0773185848500921
-0.118084652012153	-0.0658979044315615
0.127437053238636	-0.0984557454633323
-0.165483485787081	0.0804263136892029
0.153141757985329	0.0771896471811169
-0.162233390714821	0.0728450034765313
0.207476688664914	0.0303179014305874
-0.132773941167957	-0.0614888969192551
0.140305351946859	-0.0892384483080584
0.120609074377100	-0.0639822131866510
0.127376157822869	-0.0874530640720144
-0.0225569352832530	0.0724545611346661
-0.0989154421491160	0.0735081387015279
-0.0883264677483711	-0.0868130080928894
-0.266286386524066	-0.0631891030240041
-0.0653864512806019	0.0691953312168656
0.0842044998633953	-0.0744604507500336
0.00247921791032564	0.0633223498803996
-0.166015699411136	-0.0744539258294811
-0.0186923267905994	0.0622518698057269
-0.0502323902493183	0.0128185924721295
-0.171171359104066	0.0698618936636571
-0.203038184412980	-0.0847026478087835
-0.251935549718055	-0.0489976484198967
0.0706479173910207	0.0662284046176568
-0.0927696713056696	-0.0953091033831769
0.0951688086959968	0.0779596907987582
-0.125368504144554	-0.0702886296493717
0.200587417904999	0.0805279320640810
-0.0399241727895049	0.0137383642799751
0.00903674642098529	0.0626082943943151
-0.0270483036340285	-0.0518562843334502
-0.0470038305095588	-0.0743655260625511
-0.117596108310068	0.0110841555606643
-0.0384919620245905	0.0579107163370556
-0.200505142157334	-0.0745118140013914
0.0500833822505549	-0.0688017841897961
0.0443479740784418	0.0689611178019030
-0.0814216865886948	0.0236505394618252
0.144557469700407	0.00590938426196667
-0.0997923902873542	0.0230964915757662
0.0802138547138651	0.0691105205551825
-0.152686309749382	-0.0611808214621920
-0.184597055169792	0.0302789448668930
-0.0391273847053804	-0.0842045212305330
-0.171784009695943	0.0776073391990689
-0.114212293072426	-0.0928728024915963
-0.0273647017759032	0.00409449208879956
0.00948744122758831	-0.102749665046733
-0.0935356499822136	0.0687379367556443
0.180991651635602	-0.00147023172635714
-0.0772422779130699	-0.0936803328535411
-0.103959430740258	-0.0647716960901151
0.0679465454610235	-0.0649567975065417
-0.0669751270394277	0.0759818849008426
-0.124338554224291	0.0656666893575702
0.0361774760063523	-0.0725699041475287
0.222838808365613	-0.0817885992241207
0.0249916261450107	-0.0853998413906124
-0.0744256236523272	-0.0873783158052970
-0.0131056714870040	-0.0830382517522547
0.0260745640818740	0.0707426255334656
-0.0754075106747622	-0.0730428205231113
-0.0816255008465961	0.0716621151707611
-0.109660894117191	0.0572964922038357
0.0201326925995930	-0.0878046943718919
0.134630424362664	-0.0733338979074091
-0.146324149437311	-0.0830394679790655
-0.235939081569237	0.0641041634594690
0.192169026268126	-0.0892570201195354
0.0443195507805480	0.0186899377240078
0.0371583166952953	-0.0911185920843990
0.00317577610776345	-0.0758038605258347
0.134558889373795	0.0156138759675345
-0.0466049631367067	0.0319030680081030
0.0355543246753323	0.0123667100526495
0.0549986296395094	0.0618283774795205
0.0433894464544597	0.0255747598141394
-0.0853552154786285	0.0752207528602195
-0.0847200507020369	0.0559825184121959
-0.0239170911237119	0.0663330329794663
0.135500499604520	-0.0865515835236204
0.152881423610715	0.0183630375466191
-0.119159343716454	-0.0740572151645932
-0.000604304032973986	0.0424621374670659
0.220760154393816	0.0252302239741607
0.00203700575282971	0.0652822242495654
0.0187663901520347	0.00823541413671950
0.0567380462734249	0.0647882494144980
-0.123659719304793	-0.0565711550188042
0.0926064702296031	0.0168839135124178
-0.0895886220325724	0.00710762509618574
0.111235964877998	0.00507194891140954
-0.101698815665741	-0.0742502088399977
0.0810249859629332	0.0538151085953066
0.0151915798094071	0.0111525049828016
-0.0266258804119071	0.0157858363307417
-0.00467670597928096	-0.0675810757841949
-0.0474131699860847	0.0785794032631038
-0.0712724460967559	0.0264785158957955
0.0119895637404857	-0.0668399808278545
-0.139735251332125	0.0583096305971954
0.213494658442390	0.00929070278782876
-0.0787472107007259	0.0121187711496899
-0.0231435627325089	0.0177629734015232
0.00580471280247370	0.0720547642119675
-0.00756996938536983	0.0713332569009884
0.0788643892552068	0.0605109209628870
0.0378797975932990	0.0393671774046104
0.0225063209881880	0.0162772318286244
0.0191518737112884	0.0670353518833104
0.106843089962695	-0.100094563420147
0.0290319877922030	-0.0839866660303184
-0.0318455986024088	0.0493407132873515
-0.0680267156751859	0.0205403444625223
-0.146233754569983	0.00847200258970207
0.0378198869340232	-0.0700502933313587
-0.0869878106995282	-0.0870383901512267
0.0913101032475483	-0.0861090807166670
-0.197740493990917	-0.0842520604461435
-0.179532177655814	0.0632171678596206
-0.0854716808364272	-0.0766985770672768
-0.185011707336973	-0.0688689770013845
-0.146503419252120	0.0754935913598182
-0.0773499806480578	0.0175961681214936
-0.172775412197450	-0.0675975684682275
0.129507056270152	0.0362945613854565
-0.103246420290843	-0.0889317541551661
0.183570507237949	-0.0740390604756651
-0.115509563593435	0.0677090291500825
0.160726824570132	-0.0976859974545622
0.143459398091832	0.0728266830970866
0.155611346381145	0.0135475451026433
0.154424784037089	0.00826810142571419
-0.0450278326716041	-0.0881334897515749
-0.128033803761040	0.0675773874493501
0.230568598713706	-0.0911399770898664
0.0235558106416008	-0.0673646151344579
0.165514232975485	0.0328155159450225
0.0160662895552977	0.0153093190075077
0.112511853061971	0.0500906915886014
-0.0181479671931262	-0.0799169326278670
-0.187500127306642	0.0110371421333219
0.148313824752290	-0.0740939538563817
0.0353482946305236	0.0641430039902308
-0.0502679702563869	0.0148295639121590
-0.00746650992931425	-0.0672443824426609
-0.110163825618459	0.0631942874320966
0.0380351069476026	-0.0762167655644481
-0.213176075063923	0.0705473813654685
0.0768422229816315	0.00240145647314332
-0.124152626320161	-0.0879545441800127
-0.194139402708404	-0.0725168929214427
0.135420516414864	0.0133880494188015
0.0741831488440062	-0.0812096382609618
-0.180570527853861	0.0632047374412470
0.135174216685103	0.0477422157880212
-0.111693323737050	-0.0716564379731907
0.188483251056789	0.0282066681971394
0.00707826605484440	0.0137720659005761
0.137458479243500	-0.0571483677549243
-0.0981372564265299	-0.0781863807716678
0.183177259570928	-0.0114135799591636
-0.0476512616412191	-0.0649765656586260
0.105940383838524	0.0567812174746407
-0.110692675420814	-0.0710207833275842
0.0819867372926146	0.0127955581352227
0.202549984953703	0.0221706535014204
-0.0381396247614128	0.0191008125237976
0.153401813008491	0.0649555753846154
0.0248507789514429	0.0161737700828008
-0.0567315443356998	0.0702200907730999
0.0993010886746581	0.0434902737447394
-0.0659328271478861	-0.0818128768330850
-0.183620354640116	-0.0661469142897315
0.100838217625912	-0.00791900860906579
-0.0194006013844103	0.0201666707539329
-0.130196300919125	-0.0721771622613692
0.134297961940431	-0.0930802548788117
-0.109157806461870	-0.0757279921572230
-0.0476762146548264	0.0689638443983551
0.0825575910865451	0.0755945814710489
-0.170018079690314	0.0178067293785198
-0.0487280509225747	0.00612769341024490
0.0221623820096953	0.0519256484993755
-0.104800283531638	0.0761109980718415
0.0657429145511066	0.0533390385136475
0.0562875242050749	0.00948856784742079
-0.0628406504684349	0.0776757097569499
-0.176894991567092	-0.0658569355549815
0.153386230283985	-0.0782381799542768
0.126537430884764	0.0551600964689036
0.00338733633582155	-0.0722550678071958
0.00162326062024114	0.0716811742405085
-0.0907797120278026	0.0107749708531246
0.00917354956725685	0.0666024609826141
-0.0610250721673953	0.0443960205770166
-0.0529446850541999	0.0165504413855719
-0.00451445635519786	0.0146824172435253
-0.124464475377236	-0.0787272675577239
-0.227811775391693	-0.0726842071954142
0.00372427758436651	0.00824107334237729
-0.00535879105690813	0.0289362835197097
-0.105468310948718	0.0220665945127604
-0.197275737155965	-0.0735704555945918
0.0434127728488766	-0.0701075232120675
0.208558308238711	-0.0752535406352371
0.183570039360056	-0.0666364031183928
0.0824898846950154	0.0300473707956863
0.159384398112440	0.0206707048729424
0.121621725328417	0.0574227570450172
-0.0235738053711725	-0.0770671481234342
-0.160192888831668	-0.0746205658185152
-0.0381119394657862	-0.0837756393471085
-0.00530944630991466	0.0577157593582667
-0.0282345974786916	-0.0762751099238279
0.0291167901071986	-0.0682992444992016
0.118197893159350	-0.0986997667376928
0.0509134392139311	0.0220048116904573
-0.119891659500924	0.0738375217220834
-0.0346264693954094	-0.0812197041993408
0.0791734479322869	0.0681221445518033
-0.0376501302311455	0.0287322720030969
0.0625055847193557	0.0237475391451572
0.0108999498701540	0.0621444648886678
-0.0561586490378093	0.0165726240578897
0.0325426672518133	-0.0800129896242329
0.0893320503907928	0.0130203244271506
-0.0908912972509117	0.00719028354955109
0.0831672274057413	0.0218940884325902
0.173504107262168	-0.101809661134972
-0.206992873925907	-0.0706925495967746
0.0998097212095022	0.0730342355934833
-0.0310257419024393	0.0186519357342798
-0.0533208426580339	-0.0520531610728625
-0.0744595758160260	-0.0900341609861744
-0.204326068632855	-0.00206871422412051
-0.195183849466747	0.0184379411108397
-0.263507148440862	0.0279005702512295
-0.0496707883807229	-0.0768656341677987
0.142612022633167	-0.0742302849724373
-0.150096287922900	0.0605740039368466
-0.128022797794184	0.0394888303362175
0.127675957755944	0.0232651984038396
0.109922011803625	-0.0821696669180689
0.0299864508854313	0.0689231452833605
0.133026555424773	-0.0751250545339827
-0.139986201870290	0.0245409605934630
-0.0258230336331940	0.00996934969793071
-0.142315180953104	0.0126730910944278
0.00660690283689984	0.0242436043303616
0.0761986837601642	0.0335135001317441
0.294103062890792	0.00136894621850173
-0.0991565956840125	-0.0700134469312265
-0.129726758438087	-0.0730143446939421
0.183574462724091	0.0125556843476254
-0.200804106756436	0.0140909554245122
0.233072093911794	0.0519541439472634
-0.0251895009638999	-0.0860194997165941
-0.166145580728475	0.0544221804478012
-0.0162075863057054	0.0621645221371158
-0.145561075203942	0.0677014186072377
-0.106013802355282	0.0812004095458710
0.119370558952219	-0.101464215396554
-0.160258617290243	0.0683100332141814
0.0490126749035810	-0.100825051391582
-0.0300492568770367	-0.0701535131130261
-0.162779249435655	-0.0678223039649391
0.0710201024945888	0.00720392877421692
1.23023395260590e-05	-0.0873427279932232
-0.119152610688933	0.0821548531001311
0.0610924008160704	0.0512308907545791
-0.0112428124479794	0.0693880282705299
0.113452734908770	0.0722495476975181
-0.0645986698132571	0.00739597831551970
0.0134405127187918	0.0157026679511465
0.0551179132727304	0.0198419258313152
-0.0602433910659507	0.0241216687290124
-0.00288500171799321	0.0684703969273375
-0.128475262452254	0.0638352101613501
0.0827438828650566	-0.0922145971692002
0.0947072074570909	-0.0706567794903379
-0.0398229607113060	-0.0837574532917643
-0.0920733352153611	0.0834196911993901
-0.172716369579215	0.0127092241458269
0.00354937989105908	0.0799461948467230
0.0960918473157776	0.00979112867584595
0.0168243096094019	0.0771449286175180
0.0274580558115245	-0.0871089107117280
-0.0363978739906692	-0.0786200987047016
-0.143310405026815	0.0775013534728253
0.0856504195619731	0.0692718151879222
0.00775764795258033	0.0668665261142550
-0.148915796267749	-0.0704879380638737
-0.165323816885979	-0.0709792311140326
0.103758840902075	-0.0782986242039403
-0.0364337349143831	0.0761279906543528
-0.0964539758790147	-0.0703902389467400
0.111360567814879	0.00634059565437738
0.116769992035090	0.0325475430716282
-0.0765411316912379	0.0114965538094181
0.148864721789999	0.0735767186531761
0.0332969187797154	0.0654373726925969
0.174836775439165	0.0535428586198851
-0.171249558494104	0.0114002273220469
0.0321794714950183	0.00914300936170542
0.207191255812242	-0.0809064797059291
-0.102379978763277	0.0193106892682357
0.101136997882573	0.0437261043526078
-0.183703068927595	0.0677027735233776
-0.0595588186800979	0.0225068281087312
-0.0408623508971307	0.0711998315128351
0.0297865768626784	-0.0846407055477165
-0.0504224925832722	-0.0755233127582785
0.165223038464828	0.0688827117623578
-0.254132093113753	0.0693598401228385
0.0381748710316858	-0.0760087010002670
-0.0923220870711377	0.0262541277264641
-0.139450712012802	0.0206416305163659
-0.0481594925646927	0.0689116989186415
0.0950656795653946	-0.0728398931106090
0.0622249324501693	-0.0898866066140596
-0.0574556909040178	-0.0680335256383913
0.104292200715329	0.0123551939643328
0.216755433835720	0.0130520693956758
0.105907428004823	0.0199676775789806
0.0404654666916399	0.0247119501130580
-0.166277211272415	0.00992703534024026
-0.0640448509545405	-0.0787642818151449
-0.124454657517347	0.0689639467682945
-0.0578371681834766	-0.0660828866085464
0.107875830317605	-0.0794217522707040
-0.138386707578771	-0.0767393915520089
-0.115804932646754	0.0127904204432162
0.00233874019770533	0.0109532974156803
0.106746221953190	-0.0958060743028432
-0.101238464344132	-0.0714272815387397
0.150412004044694	-0.0984468461425123
-0.0294539181979228	0.0117254185578699
0.189814465587004	0.0535582033798404
-0.0569815403926972	0.0545286319348460
0.0179793411492504	0.0589174121757809
0.00589185998229862	0.0256663920818745
0.131771157162872	0.0625704769109611
-0.0688427532252147	-0.0721647158098361
0.000358716742578765	-0.0101726790904222
-0.0852524985313122	0.0572470573935875
0.0751516849240260	0.0668307854268822
0.145787987335437	-0.00391659009776805
0.139759287997823	0.0554964823503363
0.0961417036997175	-0.0752281607276255
-0.112204457961422	0.0704392673225555
0.0696790726747289	-0.0781033358545589
0.193961096542333	0.0514956873791035
0.150715775756207	0.00771362870229627
0.148578836398418	0.0114148175663217
0.139712830719848	0.0632046682894168
-0.124753092489913	0.0763997515339322
-0.0193967490618763	0.0261436000743529
0.0784971653168162	0.0520107255240408
0.0761938701022176	-0.0608845408900913
-0.0302781928792595	0.000780109405621220
-0.120366597785347	0.0764206392772703
0.120161962740382	0.0135626009212176
-0.00798178799334427	0.0656559052862221
0.180882130154382	0.0531611947827545
0.180519176826460	-0.00230153575813830
0.0259817659580138	0.00247637832490169
0.00314644619452309	0.0205638387568477
0.0791490316162804	-0.0748385117284876
-0.100122675355241	0.0702564360317860
0.133618750931502	0.0583393894824032
-0.156747465424978	-0.0774082419154066
-0.0609181875314409	0.0748342900763127
-0.128701704414246	0.0351559826659550
0.187250469101642	-0.00694519690551668
-0.0758432858572159	-0.0967335822395187
-0.144713575782061	0.0613480940528202
0.0786957105874608	0.0679498691875669
-0.123990008893293	0.0165645686569445
0.0981462739076753	0.0472462189122991
-0.0729883308877943	-0.0665721517108993
-0.131930351065919	-0.0722855829042976
-0.173080257088380	0.00564756370960168
-0.201163135993564	-0.0106893324331182
0.120075874607994	0.0202243553815234
-0.148598817441152	-0.0889728855945610
-0.0689701412488780	0.0749613521336560
0.00900660689433915	-0.0665944605220154
-0.157003533563498	-0.0626301225501015
-0.135420404584866	0.0566677438148977
-0.0885894242389849	0.0243582416678002
-0.118730029952271	0.0609599111780501
-0.0573814948365555	-0.0902088240917326
0.178469343250432	0.0110308309351277
0.00446108799771870	0.0697340828437591
0.111513587635435	0.0554405570041121
-0.165349443153406	0.0920855058257405
-0.0521458377481014	-0.0671327226535863
-0.100566267832362	0.0714390038258380
0.218519526118298	0.0577499205301007
-0.153536769712656	-0.0713934986609658
0.0574866887622654	-0.0774883516396435
0.0437962637585959	0.0564745003770542
-0.171979141119127	0.00572161890759572
0.163457414489752	0.0214515698423016
-0.00724956453624127	0.0161587387779641
0.118801699138863	0.0431762742007863
0.131803471482993	0.0135043591870246
0.0134356234883472	-0.0707924938455763
0.169213465921315	0.0513138954302227
0.00261731839034231	0.0117736545193091
0.181001680033366	-0.0876665365231842
-0.0915817303059495	0.0624647714000800
-0.0864119194270114	0.0774595091472273
0.0154593486612150	0.0693743050553433
-0.150865296383575	-0.0741708420205942
-0.0401808231855055	-0.0903526672366130
0.109852070126284	0.0702611879452321
0.197045561705255	-0.0741775052299444
0.100951837421331	0.0105543976460108
0.0205126961597893	-0.0886848504839278
-0.0836409604648390	0.0720192601329452
-0.0888356049826568	0.0435349997332130
0.237248541441057	0.0636330432779082
0.133399553939506	0.0129695478577765
0.0979078871504203	-0.0831137736247853
-0.112112048759884	0.0517466063544392
-0.0732148445371826	0.0808530154515324
-0.0579874243358507	0.000488336029911266
-0.190151124427756	-0.0790526841337595
0.148734264758664	-0.0807209340765579
-0.153138627704937	0.0651058584469085
-0.0960826416930968	-0.0909643394060508
0.0360802275074963	0.00883328339069930
-0.230168659459164	-0.0610119806144422
0.116298898076549	-0.0753594652966569
-0.0562484968574058	0.0572500741958193
-0.160423459498723	0.0756151031082534
-0.0879509498215959	-0.0619926796692160
0.128069977878857	-0.0929972684074223
0.226973985214981	0.0127130826328244
-0.151556296700459	0.0362451943191145
0.0579138854943643	0.0574816250217157
0.00619453783735067	-0.0631401207320692
0.169992635674073	0.0577675161782982
0.189013231777540	-0.0899945197600911
-0.0550606510827828	0.0122240760267180
-0.0790971090898013	0.0657477341746496
-0.00473303178034532	-0.0778110036771605
-0.0626335566785436	0.0593758768452869
-0.104104657834489	0.0130260754030937
0.000676899397002918	0.0657899028886171
0.0813149253447380	0.0131773885111060
0.176113476874374	0.0802635947109508
0.151284914054823	-0.0904844852479428
-0.0253006908912241	0.0254731988371868