1	0.0723377297999997
2	0.0840581362999994
3	0.0871075596999992
4	0.0972104370999993
5	0.111149449100000
6	0.124354893300000
7	0.131222793300000
8	0.126317150500000
9	0.118759810100000
10	0.119113370900000
11	0.123877586600000
12	0.121897652300000
13	0.114225410900000
14	0.104537905300000
15	0.0960171799999992
16	0.0884687506999993
17	0.0853309389999993
18	0.0827676544999994
19	0.0756346507999995
20	0.0652312288999998
21	0.0543947047999995
22	0.0445746732999998
23	0.0379543302400000
24	0.0325007204200001
25	0.0257654582400000
26	0.0153178448400000
27	0.00411009412000001
28	-0.00445481190000001
29	-0.0102619796000000
30	-0.0148935742400000
31	-0.0206123627600000
32	-0.0287441783800001
33	-0.0374770292800000
34	-0.0455204348999996
35	-0.0498691777999995
36	-0.0536168750999994
37	-0.0581335629999995
38	-0.0632689843999996
39	-0.0687402845999997
40	-0.0740259648999996
41	-0.0770930727999995
42	-0.0790553119999995
43	-0.0804872161999994
44	-0.0835985131999994
45	-0.0885571397999993
46	-0.0905900885999993
47	-0.0933920217999992
48	-0.0949034763999992
49	-0.0943908199999992
50	-0.0972899818999992
51	-0.101956937599999
52	-0.106411761899999
53	-0.108294459399999
54	-0.109452363600000
55	-0.110265548800000
56	-0.108780602800000
57	-0.106411762500000
58	-0.100896265499999
59	-0.0944880468999992
60	-0.0912441670999992
61	-0.0884599105999993
62	-0.0847564084999993
63	-0.0728945807999997
64	-0.0511861806799996
65	-0.0215316112000000
66	0.00312013622000000
67	0.0218763272800000
68	0.0415959606599999
69	0.0517695432999994
70	0.0544123789999994
71	0.0590351381999995
72	0.0666454572999997
73	0.0758467839999996
74	0.0802485668999994
75	0.0762180192999995
76	0.0702429045999997
77	0.0719311405999997
78	0.0744855916999996
79	0.0706406559999996
80	0.0635076368999997
81	0.0575236790999994
82	0.0511596596999994
83	0.0468551108999996
84	0.0447779681999997
85	0.0398458574599998
86	0.0311306879200001
87	0.0226453177200000
88	0.0158658563200000
89	0.0104564345400000
90	0.00700925907999999
91	0.00249257294000000
92	-0.00432222880000001
93	-0.0140185239400000
94	-0.0204797800200000
95	-0.0245722071200000
96	-0.0276569917200001
97	-0.0320057421800001
98	-0.0367610778800001
99	-0.0434521315199997
100	-0.0504260293999995
101	-0.0532544804999995
102	-0.0549250356999994
103	-0.0561978410999994
104	-0.0596096634999995
105	-0.0624734783999996
106	-0.0673879282999997
107	-0.0711798329999997
108	-0.0709588579999997
109	-0.0712328633999996
110	-0.0738491897999996
111	-0.0745651414999996
112	-0.0670608868999997
113	-0.0604140084999996
114	-0.0612183477999995
115	-0.0653107778999997
116	-0.0663095762999997
117	-0.0711533138999997
118	-0.0781360653999995
119	-0.0803281157999994
120	-0.0720195293999997
121	-0.0571612867999995
122	-0.0343657242600001
123	-0.00417196920000000
124	0.0282049976200001
125	0.0658322778999998
126	0.0967331412999992
127	0.121659005100000
128	0.137348203100000
129	0.160391103000000
130	0.189064262000000
131	0.214396783999998
132	0.229705932000000
133	0.232198530000000
134	0.227195656000000
135	0.229343533000000
136	0.235354053000001
137	0.236105368000001
138	0.229060685000000
139	0.219505725999998
140	0.206194192999999
141	0.194579749000000
142	0.188427818000001
143	0.180976610000001
144	0.167895175000000
145	0.151269493000001
146	0.135111948000000
147	0.119475770000000
148	0.107525474100000
149	0.0978114779999993
150	0.0858082383999994
151	0.0697567603999997
152	0.0519905196999995
153	0.0391652605199999
154	0.0283552650800001
155	0.0197373079200000
156	0.00987306769999997
157	-0.00236882950000000
158	-0.0159984447400000
159	-0.0276039573200000
160	-0.0358771875600001
161	-0.0430013483199998
162	-0.0504171901999994
163	-0.0594859211999995
164	-0.0685546670999997
165	-0.0767306767999995
166	-0.0819544745999994
167	-0.0865065140999993
168	-0.0904309875999992
169	-0.0964414482999992
170	-0.103194387899999
171	-0.109098806900000
172	-0.113571325100000
173	-0.116470510900000
174	-0.117327893100000
175	-0.120801615800000
176	-0.126812132600000
177	-0.132080172200000
178	-0.134254569000000
179	-0.135995847000000
180	-0.136985808000000
181	-0.135978166100000
182	-0.134263403000000
183	-0.130003010500000
184	-0.125097367400000
185	-0.121835778300000
186	-0.119201758700000
187	-0.115675001200000
188	-0.101638745899999
189	-0.0775880437999995
190	-0.0483046942399996
191	-0.0213459948200000
192	0.000618724399999999
193	0.0194014286800000
194	0.0295750390200001
195	0.0330133785600001
196	0.0383432435999999
197	0.0471026013999996
198	0.0562685530999995
199	0.0614570001999995
200	0.0573910956999994
201	0.0523529132999994
202	0.0542974753999995
203	0.0575855520999995
204	0.0539174001999995
205	0.0465369109199996
206	0.0406855528799999
207	0.0355678249800001
208	0.0313251440200002
209	0.0294512926600001
210	0.0249787948000000
211	0.0166525212199999
212	0.00784011675999999
213	0.00128164200000000
214	-0.00381841148000001
215	-0.00826438469999998
216	-0.0107923150400000
217	-0.0184468233800000
218	-0.0280900987800001
219	-0.0342773455000001
220	-0.0391299066999999
221	-0.0423472689199998
222	-0.0458651526999996
223	-0.0510005582999995
224	-0.0571966375999995
225	-0.0631452387999996
226	-0.0665924235999997
227	-0.0685458287999997
228	-0.0687226061999997
229	-0.0719576563999997
230	-0.0755550999999996
231	-0.0803192761999995
232	-0.0842437527999994
233	-0.0848271208999993
234	-0.0847564097999992
235	-0.0872754981999994
236	-0.0877793152999993
237	-0.0804165041999995
238	-0.0729918131999996
239	-0.0738668654999996
240	-0.0773228829999995
241	-0.0787194342999995
242	-0.0846680206999993
243	-0.0921368969999993
244	-0.0939223582999992
245	-0.0845531135999994
246	-0.0685546670999997
247	-0.0450961677999997
248	-0.0139831732600000
249	0.0184998609000000
250	0.0560033977399997